17744 17714 16844 
16813 15914 16843 
17744 16874 16844 
14869 14870 14899 
14869 15769 14870 
27002 17657 27083 
15799 15800 15770 
17654 17683 17684 
27042 27074 27085 
27017 27074 27085 
27017 27042 27074 
17685 17655 17684 
18584 17685 17684 
18557 17657 18556 
18557 17657 27083 
16758 17658 17628 
17657 17658 17628 
17657 16758 17628 
17657 16758 17658 
14991 15891 15890 
15920 14991 15891 
27088 27096 27073 
16789 16788 15889 
17748 18648 17749 
16788 17687 16787 
18586 18585 18615 
18527 18557 27083 
17746 18646 18616 
18645 17746 18616 
17656 18526 18556 
17714 17713 17684 
16783 16784 15884 
17598 16728 17627 
17598 17628 17627 
17598 17628 16728 
16817 16816 16787 
14989 15019 14990 
17713 16813 16843 
17713 17684 17683 
14959 14988 14989 
27062 27086 27047 
16725 17595 17625 
27075 16725 17625 
27085 16695 27096 
27097 27085 16695 
27047 27062 16727 
27047 16726 27062 
16669 16639 15769 
13997 13068 13967 
13968 13068 13967 
15017 15916 15016 
15740 15710 15739 
14989 15018 14988 
14900 15800 15770 
14900 15800 15799 
15798 14899 15828 
14928 15798 15828 
14988 14958 14959 
14988 14958 14059 
16878 17748 17777 
17778 16878 17748 
15947 16817 15917 
18526 18497 18496 
13099 13069 13969 
16787 16817 15917 
15948 15949 16848 
15830 16729 16700 
13131 14031 14030 
14060 14031 14030 
14060 13131 14031 
17721 17720 16821 
15019 15948 15049 
15019 15048 15948 
16878 16877 17777 
16877 16876 17776 
18620 18649 17750 
13967 13968 14867 
13997 13967 14867 
16878 15979 16879 
17749 17750 18649 
17779 17749 17750 
17656 16786 17685 
18556 18526 18527 
15889 14989 15019 
15886 16786 15887 
15888 16787 16788 
17778 16879 17749 
16758 16729 16759 
15859 16758 16759 
27080 27070 27008 
27052 27070 27008 
27052 27080 27008 
27052 27080 27070 
13099 13998 14028 
27010 27022 27088 
15825 27010 27088 
17776 16876 17746 
27096 27085 27074 
16818 16788 15918 
18587 18616 18617 
15944 16843 16844 
16670 15770 16699 
16669 15770 16699 
16669 16670 16699 
15016 14987 15886 
27057 16725 27075 
17689 16789 16790 
27086 27020 27044 
17686 17685 18585 
17686 17685 17656 
15825 16725 16724 
27026 27087 27085 
15917 15047 15017 
15018 15917 15017 
15018 15917 15047 
16725 27057 17625 
18497 18527 27083 
17747 18647 18617 
16725 16755 17625 
16695 16725 16724 
18587 17688 18558 
18588 17688 18558 
18588 18587 18558 
16879 15950 15979 
16879 15980 15950 
16788 15888 15889 
15014 15015 14115 
13160 13131 14060 
17629 17600 17630 
16730 17600 17630 
16730 17629 17600 
15830 16729 15829 
27075 27090 27094 
18645 18615 17745 
14061 14032 14961 
15831 14931 14961 
14061 14931 14961 
14061 14931 14032 
14930 15829 14929 
15829 16699 16728 
15831 14932 14961 
15831 14932 14931 
14060 14089 14989 
14959 14060 14089 
17628 16729 17599 
14991 14091 15020 
16790 15891 15920 
13101 14030 13130 
15740 14870 15769 
15798 15769 16668 
16698 15798 15769 
17744 17774 16874 
16670 16640 15770 
15797 15768 15767 
27002 27052 27083 
14840 15739 15710 
16786 17686 17656 
13129 13099 14028 
14001 13971 14871 
13071 14000 13971 
13970 13071 13971 
14032 14932 14931 
27098 27055 16726 
13969 14869 14868 
13970 13969 14869 
15794 27073 16694 
15824 15794 16694 
15824 15794 27073 
15049 15949 15948 
15916 16816 15917 
27097 27075 27085 
17656 17657 18556 
18527 18526 18497 
16695 16724 16694 
27087 27017 27042 
27087 27097 27042 
17683 16783 16813 
27073 27096 16695 
18646 18617 17747 
16697 15798 16668 
27087 27017 27085 
17683 16783 16784 
15914 15944 16843 
14985 15015 14986 
15885 15015 14986 
15885 14985 15015 
16783 15913 16813 
18586 17686 18556 
16694 27073 16695 
17774 16875 16874 
17743 17713 17714 
14085 14115 14985 
15014 14085 14115 
16785 16784 17684 
14984 15883 15913 
15883 15884 14984 
14929 14899 15828 
14929 14899 15799 
16783 15883 15913 
16783 15884 15883 
17745 17746 18645 
15914 15913 16813 
15014 15913 15914 
15975 16874 16875 
27022 27097 27074 
27088 27097 27074 
27088 27022 27097 
15014 14984 15913 
15884 14984 14985 
15046 15946 15945 
16694 16724 15824 
27010 27022 27060 
17744 18614 17714 
15825 27073 15824 
27022 27097 27087 
15825 16724 15824 
17656 17626 27002 
27008 17626 27002 
27008 17656 27002 
27008 17656 17626 
17743 16844 16843 
17775 17745 16875 
17774 17745 16875 
16756 16755 17655 
18556 18557 18527 
27097 27075 16695 
17713 17683 16813 
16784 17683 17654 
16845 15946 15945 
16845 15975 15945 
16845 15975 15946 
27086 27052 27020 
15945 16815 15915 
14985 14986 14086 
18557 17687 18586 
18557 18587 18586 
18557 18587 17687 
27054 27032 27031 
17775 17746 17745 
16785 15885 15886 
18584 18614 17714 
18584 17714 17684 
17743 17714 16844 
15858 15857 15828 
17686 18586 17687 
18644 18614 17744 
17743 17713 16843 
14986 15886 15016 
17744 17745 17774 
17744 18644 17745 
14988 14088 14987 
18587 18588 18617 
18644 17745 18615 
12199 12169 13098 
12199 12169 13069 
14984 14085 14985 
15014 14984 14085 
15885 16784 16785 
14986 14116 14087 
15016 14116 14087 
14088 15017 14117 
14118 14088 15017 
14957 14028 14928 
14988 15888 15887 
17779 17749 16879 
14058 13129 14028 
14987 15016 14986 
14087 14987 14986 
14989 14960 14990 
14990 14061 14960 
12169 13068 13098 
14870 15770 14900 
15920 16820 16819 
16875 15976 16876 
14030 14000 13101 
13130 14000 13101 
16697 16698 16668 
17630 17660 17659 
16760 17660 17659 
16760 17630 17659 
16760 17630 17660 
13972 14871 13971 
15016 15945 15045 
15046 15016 15945 
15944 15045 15945 
15015 14086 14116 
15015 14086 14115 
14929 14059 14029 
15830 15859 14930 
14960 15830 15859 
14116 14986 14086 
14990 15890 15020 
27090 27094 27020 
14117 14087 15016 
14117 14087 14987 
15858 14929 15829 
14959 15858 15829 
13068 13069 13968 
14991 14990 15020 
14991 14091 14990 
14990 15890 15889 
13099 12199 13098 
16822 16851 15922 
17721 16821 16822 
16851 17721 16822 
15050 15950 15949 
16879 16880 17779 
14059 14060 14959 
16820 16819 16790 
15920 16819 16790 
16878 15949 15979 
15978 16878 15949 
14032 14932 14961 
14058 13159 13129 
14118 14089 14988 
14118 14089 15018 
13971 13101 13072 
13099 13100 12200 
16787 17686 16786 
15860 15859 15830 
14090 14061 14960 
14090 14060 14960 
14060 14090 14989 
13069 12169 13068 
14119 14089 14989 
14090 14119 14989 
16730 17630 17659 
14089 14119 15018 
13160 14030 13130 
13160 13131 14030 
14120 14990 14090 
15019 14120 14090 
16728 16729 16699 
16756 15857 16757 
14001 13101 13971 
14001 13101 13072 
14839 15738 14868 
15768 14839 14868 
16757 16756 17656 
14928 14958 14957 
14058 14958 14957 
15740 15770 15769 
15740 15770 14870 
12170 12199 13069 
13070 12170 13069 
13070 13099 13069 
13972 13971 13072 
13972 14001 13072 
15830 14931 14930 
13972 14871 14001 
15891 15890 16790 
15767 15738 14868 
15767 15768 15738 
16820 17690 17720 
15020 14991 15890 
15920 15020 14991 
15978 16848 15949 
14987 15887 15886 
16880 16851 17750 
16880 17779 17750 
15891 16791 15921 
17748 17747 17777 
15951 15980 16880 
15951 15980 16850 
15946 15976 16846 
16875 15946 15976 
15019 14990 15889 
16818 15919 16789 
16819 15919 16789 
16819 16818 16789 
16819 16818 15919 
16851 15951 16880 
15977 16847 15948 
15977 16877 15948 
17747 16877 17776 
27047 27086 27044 
15859 15858 15888 
14028 14898 14927 
14028 14898 14928 
15980 16880 16879 
15949 15950 16849 
15978 15948 16848 
15978 16877 15948 
15017 15887 14987 
15017 14988 14987 
15017 14988 15887 
16756 17655 17656 
16784 16755 17654 
16755 16756 15856 
16877 17747 17777 
15021 15950 15050 
16786 16816 16815 
15916 16816 16815 
15916 16786 16815 
15916 16786 16816 
18556 18586 18585 
17686 18556 18585 
16821 16820 17720 
17688 16788 17658 
17690 18589 17689 
17690 17660 17689 
16784 15885 15884 
16821 15921 16820 
16789 16788 17688 
16821 16850 15921 
16821 15951 16850 
17626 17625 17596 
15829 16728 15828 
17776 17747 17746 
16727 16698 16697 
16727 15798 16697 
16727 15798 16698 
15798 15768 15769 
27075 27090 17596 
15015 15045 15915 
15944 15015 15045 
18585 18615 18614 
18615 18645 18616 
16816 15917 15946 
15947 15948 16847 
18647 18618 18617 
14990 14061 14090 
15019 14120 15020 
15949 15920 16819 
16730 16729 16700 
15830 16730 16700 
17721 17750 16851 
16700 16699 16670 
27052 27062 27086 
17657 17628 17627 
18618 18648 18619 
17659 17629 17658 
17596 17595 27070 
17596 17595 17625 
27070 27075 17596 
27020 17596 27070 
27052 17596 27070 
27052 27020 27070 
27070 27075 17595 
15827 16727 16726 
17629 17658 17628 
13130 13100 14029 
13130 13100 14000 
16698 15828 16728 
17720 18620 17721 
14059 14060 13160 
14931 14960 15830 
17659 17630 17629 
27082 27047 27060 
16758 16729 16728 
17690 18560 18589 
18618 18617 18588 
14028 13998 14927 
15858 15828 15829 
15858 15828 14929 
27027 27024 15855 
17687 17658 17688 
17687 18587 17688 
16757 17656 17657 
16730 17659 17629 
15918 16817 15947 
15918 15917 15947 
15918 15917 16817 
14058 14028 14957 
18589 18559 17689 
17775 16876 17746 
17628 17629 17599 
18619 18649 18620 
15920 15021 15050 
15859 15830 15829 
15977 16847 15947 
15918 15018 15019 
17657 16787 17686 
17657 17687 17686 
17657 17687 16787 
18646 18617 18616 
18619 18590 18620 
17748 18648 18618 
15918 15048 15019 
15918 15018 15048 
18589 18618 18619 
18590 17690 17720 
18590 18560 18589 
18590 17690 18560 
15980 15950 16850 
17749 18648 18619 
18644 18615 18614 
17690 16820 16790 
14120 14091 14990 
17721 18620 17750 
18590 17720 18620 
14119 15019 15018 
15950 15920 16820 
15921 15950 16820 
15921 15950 15920 
17689 17688 17659 
17689 18588 17688 
16789 17659 17689 
16789 17688 17659 
18589 18590 18619 
18589 18559 18588 
15921 16850 15950 
17689 18559 18588 
16849 15979 15950 
13970 14899 14870 
14869 13970 14899 
14117 15017 15016 
17749 17748 17778 
14088 14987 14117 
15018 14988 15888 
18618 18589 18588 
18619 17749 18649 
17596 27020 27090 
14958 14058 14059 
17655 17654 17625 
16755 17654 17625 
16785 17655 17684 
16785 17655 17685 
17654 17655 17684 
16755 17655 17684 
17746 18646 17747 
16818 16817 16788 
15918 16817 16788 
15918 16818 16817 
16784 16755 17684 
15828 15857 16727 
27063 27054 27032 
16844 15944 15945 
18647 18618 17748 
17747 18647 17748 
18616 18586 18615 
18586 18616 18587 
18614 18585 18584 
15860 15889 16759 
15859 15889 16759 
15859 15860 15889 
16756 27098 15856 
27024 27098 15856 
18584 18555 17685 
15885 14986 15886 
16755 15856 15855 
27024 15856 15855 
15916 15016 15046 
17656 17655 17626 
15797 14897 15767 
15825 27027 15855 
15825 27027 27024 
27017 27097 27074 
27022 27017 27074 
27022 27017 27097 
14030 14930 14929 
27031 27032 27063 
27031 27054 27063 
13997 14867 14897 
17656 17626 18526 
27083 17596 27052 
18585 18555 17685 
18584 18585 18555 
17626 17625 17655 
27043 16756 27024 
27043 27001 27024 
16695 27075 17595 
27070 17626 17656 
27081 27070 17656 
27081 17626 27070 
27081 17626 17656 
16727 16757 16728 
27094 27044 27020 
27097 27074 27085 
17626 18526 18496 
27083 18496 18497 
14059 14030 14929 
13100 13071 14000 
17626 17596 18496 
27083 18496 17596 
15886 16786 16785 
16698 16727 15828 
15857 15858 15887 
16695 17595 16725 
27057 27075 17625 
13970 14870 13971 
27047 27098 16726 
27047 27098 27062 
16726 27055 27062 
27080 27054 16726 
27080 27002 16726 
27052 27002 27062 
27062 27044 27020 
16726 27054 16756 
27080 27054 16756 
27080 27002 16756 
27043 16726 16756 
27082 27075 27094 
27044 27082 27094 
15884 14985 15885 
16816 15916 15946 
16785 17685 16786 
27088 27074 27096 
15975 15945 16874 
27002 16727 16726 
16729 16699 15829 
27075 27082 27060 
27097 27085 27042 
27088 27073 15825 
27060 27075 27085 
27059 27026 27060 
27010 27026 27060 
27010 27059 27060 
16727 27062 27002 
27036 27017 27026 
27060 27085 27026 
27024 16756 16726 
27098 16756 16726 
27022 27087 27026 
13098 13068 13997 
27098 27055 27062 
15799 16669 16699 
14959 15858 14958 
27022 27026 27060 
27022 27026 27036 
16787 15887 15888 
16875 16876 17775 
27010 27026 27022 
27022 27017 27036 
27026 27017 27022 
27022 27026 27059 
27010 27022 27059 
15797 14897 14927 
15855 16725 16755 
15825 16725 15855 
15975 15946 16875 
16844 15945 16874 
15914 15015 15014 
15914 15015 15944 
14115 14985 14086 
15016 15915 15015 
15016 15015 14116 
15016 15915 15045 
13997 13998 13098 
15945 16815 15916 
15915 15916 15945 
15915 16815 15916 
15917 16816 16817 
15917 16816 16787 
14059 14959 14089 
14059 14988 14089 
27082 27044 27047 
27047 27044 27062 
27020 27044 27047 
27062 27020 27047 
16726 27001 27024 
27043 16726 27001 
15825 27024 15826 
15825 27010 15826 
15826 27010 27060 
27047 27060 15826 
16727 15857 16756 
16757 16727 16756 
27002 16757 16756 
14960 15859 14959 
14867 14868 15767 
14897 14867 15767 
16726 15826 27098 
15826 27024 27098 
16728 17657 17628 
17627 16728 17657 
16788 17658 17687 
15948 16818 15918 
15919 15949 16819 
14088 14988 14118 
14930 14931 14031 
15887 16786 16787 
15018 15888 14989 
15889 15888 14989 
13999 14899 14000 
15946 15047 15017 
16877 16878 15978 
15946 15916 15917 
15946 15017 15046 
16849 15949 15979 
16876 16877 15977 
14118 15018 15017 
15919 15019 15049 
14120 14091 15020 
15977 15947 16876 
15947 15976 16876 
15947 15976 16846 
15947 15946 16846 
15017 15916 15046 
15946 15047 15947 
15018 15947 15047 
15947 15048 15948 
15018 15947 15048 
17778 16879 16878 
15918 15948 15919 
15019 15020 15919 
14928 15798 14898 
17660 16790 17690 
17689 17660 16790 
14899 15798 15799 
15889 15890 16789 
15890 16790 16789 
15798 15799 15769 
15922 16822 16821 
16759 17659 17658 
17629 17659 16759 
17629 17658 16759 
15858 15829 15859 
14959 15829 15859 
15922 15951 16821 
15922 16851 15951 
14931 14031 14960 
15920 15919 15949 
16819 15920 15919 
16818 15918 15919 
15948 16818 15919 
15920 15020 15050 
14119 14090 15019 
15050 15020 15949 
15020 15049 15949 
15919 15020 15049 
16757 27002 17657 
14058 13159 14059 
14059 13160 13130 
14059 13159 13130 
16730 16760 16759 
14030 14060 14930 
17629 17599 16729 
14029 13159 13129 
14029 13159 13130 
13100 14029 13129 
14899 14029 14929 
15800 16699 16700 
14927 14897 13998 
14927 14898 15797 
14900 14929 15799 
16757 16758 16728 
14030 14059 14029 
13998 13997 14897 
16670 16699 15800 
16700 16670 15800 
16758 15858 15888 
15887 15857 16757 
17628 17658 16729 
17629 17658 16729 
16726 15827 15826 
14958 14928 15828 
15858 15828 14958 
15826 27047 15827 
16698 15799 16699 
16757 15858 15887 
14029 13999 14000 
16758 16757 15858 
15859 16758 15888 
15829 14930 15859 
14989 14960 14959 
16730 15830 15860 
16730 16729 16759 
15860 16730 16760 
15860 16759 16760 
15921 15892 14992 
15891 15892 14992 
13071 13100 13970 
13070 13100 13970 
13070 13071 13100 
14900 14899 14929 
16669 16698 16699 
16669 15799 16698 
14000 14029 14030 
15769 14869 15739 
16669 15769 16698 
16698 16669 16668 
15799 15769 15770 
13129 13099 13999 
16727 27047 15827 
16698 16727 16728 
15740 15710 14840 
14029 14899 13999 
13098 13099 13998 
13129 13100 13999 
13100 13999 13099 
14867 13968 14868 
13969 13070 13970 
14031 14960 14060 
14031 14060 14930 
15921 14992 15021 
15891 14992 15021 
15891 15921 15021 
15892 15891 16791 
15021 15920 15921 
15921 15950 15021 
15892 15921 16791 
13969 13069 13968 
15739 15740 14840 
16668 15769 16639 
13969 13968 14868 
12200 12170 13070 
12200 13099 12170 
14000 14899 14870 
14900 14899 14870 
16669 15770 16640 
13971 14000 14870 
15768 15739 15769 
12200 12171 13070 
13099 13070 13969 
16668 16669 16639 
16669 16640 16670 
14839 15739 15709 
15768 14869 15739 
15709 15738 14839 
15768 14868 14869 
15739 15768 14839 
15739 15738 15709 
15797 14898 15768 
15798 14898 15768 
15739 15738 15768 
13070 12171 13071 
12171 12200 13100 
13071 12171 13100 
12170 13099 12199 
