17750 18620 18649 
17721 17750 18620 
15020 15049 15919 
14990 15019 15919 
14120 14990 15020 
14091 14120 14990 
14061 14091 14990 
14061 14960 14990 
13160 14030 14060 
13130 13159 14059 
13159 14029 14059 
15977 16847 16877 
16847 16877 17776 
14090 14119 15019 
14962 14992 15862 
14992 15862 15892 
14992 15892 15921 
14992 15021 15921 
15019 15048 15948 
14091 14120 15020 
16851 16880 17750 
16880 17750 17779 
17749 17750 17779 
17720 17750 18649 
16850 17720 17750 
16850 17720 17749 
16850 17749 17750 
17720 18619 18649 
17719 17749 18619 
17719 17720 17749 
17719 17720 18619 
17749 18619 18648 
13039 13069 13939 
13070 13099 13969 
12170 13069 13099 
12170 13069 13070 
12171 12200 13070 
12170 12199 13099 
14841 14842 15741 
13942 14841 14842 
15947 15976 16876 
15947 16846 16876 
16846 16876 17746 
16847 17746 17776 
16876 17746 17775 
16877 17747 17776 
16848 17747 17777 
16847 16877 17747 
16818 16848 17747 
15948 16818 16848 
15948 16847 16877 
15949 15978 16848 
15919 15948 16848 
15049 15919 15949 
15019 15918 15948 
15019 15889 15919 
15889 15919 16818 
15919 15948 16818 
15918 16817 16847 
16788 16817 16818 
15918 16788 16817 
15888 15918 16788 
15859 15889 16788 
15888 16758 16788 
15859 15888 16758 
15859 16758 16788 
14989 15018 15888 
14089 14988 15018 
14030 14059 14959 
14030 14929 14959 
14900 14930 15829 
14900 15799 15829 
14900 14929 15799 
14929 15799 15829 
14929 14959 15829 
14930 15829 15859 
14959 15829 15858 
15829 15858 15859 
15858 15859 15888 
15857 15858 15887 
15828 15857 15858 
14929 15828 15829 
14929 15829 15858 
15828 15829 15858 
14929 14959 15858 
14059 14929 14959 
14988 15017 15887 
14088 14987 15017 
14088 14117 15017 
14117 14987 15017 
14088 14117 14987 
14116 14986 15016 
14086 14115 15015 
12199 13069 13099 
12141 12171 13041 
12171 13041 13071 
13041 13071 13941 
13042 13941 13971 
13071 13941 13971 
13042 13072 13971 
13071 13101 13971 
13072 13101 13971 
14061 14091 14961 
14091 14961 14991 
14962 14992 15891 
14992 15021 15891 
14991 15021 15891 
14962 15861 15891 
14991 15861 15891 
14961 14991 15861 
14932 14962 15861 
14032 14932 14961 
14032 14061 14961 
14031 14061 14931 
14032 14061 14931 
14002 14032 14931 
13072 13972 14001 
13072 13101 14001 
13101 13131 14001 
13131 14001 14031 
13972 14002 14901 
14001 14031 14901 
14031 14901 14931 
14002 14901 14931 
13972 14001 14871 
14001 14871 14901 
13972 14871 14901 
13972 14002 14872 
14002 14872 14902 
15951 15980 16880 
15951 16851 16880 
15922 15951 16851 
15922 16822 16851 
16761 16762 17661 
15862 16761 16762 
15832 15862 16761 
15832 16731 16761 
16761 17660 17661 
16731 16761 17660 
16731 17630 17660 
17691 17721 18620 
17691 18590 18620 
18590 18619 18620 
18619 18620 18649 
15862 15892 16762 
15892 16762 16792 
15892 15922 16792 
15892 15922 16821 
15922 15951 16821 
15951 16821 16850 
15921 16821 16850 
15921 15950 16850 
15021 15921 15950 
15021 15050 15950 
15021 15050 15920 
14991 15021 15920 
14991 15020 15920 
14091 14991 15020 
15020 15049 15949 
15020 15919 15949 
15020 15890 15920 
15890 15920 16819 
15890 16789 16819 
15919 16789 16818 
16789 16818 16819 
15919 16818 16848 
16818 16848 17718 
16818 16819 17718 
16819 17718 17748 
16848 17747 17748 
16848 17718 17747 
17718 17748 18647 
17747 17748 17777 
16879 17749 17778 
16850 17749 17779 
16850 16880 17779 
15980 16850 16880 
15951 15980 16850 
15950 15979 16879 
12170 12199 13069 
12140 12170 13069 
17684 17685 17714 
17655 17684 17685 
17685 18555 18584 
17655 17685 18555 
18555 18584 18585 
18584 18585 18614 
18585 18614 18615 
18614 18615 18644 
13042 13072 13942 
13072 13942 13972 
13972 14842 14872 
14872 15771 15801 
14872 14902 15801 
14902 15801 15802 
15801 15802 16701 
15802 15832 16731 
15802 16701 16731 
16701 16731 17630 
16701 17600 17630 
14839 14868 15738 
14868 15738 15767 
16668 16697 16698 
16669 16670 16699 
16640 16669 16670 
16697 16698 16727 
14809 14810 15709 
13010 13909 13910 
13010 13909 13939 
13909 13939 14809 
13939 14809 14839 
13939 13969 14839 
13040 13939 13969 
13040 13069 13939 
13040 13070 13969 
13040 13069 13070 
13969 14839 14869 
13070 13099 13999 
12200 13070 13100 
13070 13071 13100 
13071 13100 13970 
13041 13070 13071 
13041 13071 13970 
13041 13070 13940 
13041 13940 13970 
13070 13940 13970 
13070 13969 13970 
13070 13969 13999 
13969 13970 14869 
13970 14870 14899 
13970 14869 14870 
14869 14870 14899 
13970 14000 14899 
14899 14929 15828 
14928 15798 15827 
15798 15827 16727 
15828 15857 16727 
15827 16727 16756 
15857 16727 16756 
15856 15886 16756 
15857 15886 16786 
15857 16756 16786 
15886 16756 16786 
14986 15856 15886 
14956 14986 15856 
14926 14956 15826 
14956 15826 15856 
15826 15856 16726 
15856 16726 16756 
15827 16726 16756 
15797 15827 16697 
15827 16697 16726 
15738 15767 15768 
15767 15768 15797 
14926 15825 15826 
15825 15826 16725 
14898 15797 15827 
14868 14898 15797 
14842 15741 15771 
14842 14872 15771 
15741 15771 16670 
15741 16640 16670 
16784 17654 17683 
16755 16784 17654 
16755 17625 17654 
16725 16755 17625 
15855 16725 16755 
15825 15855 16725 
15855 15885 16755 
14955 14985 15855 
14056 14955 14985 
14056 14086 14985 
14086 14115 14985 
14115 14985 15015 
14986 15015 15885 
14956 14986 15885 
14956 14985 14986 
14956 14985 15855 
14956 15855 15885 
14086 14985 15015 
14086 14985 14986 
15015 15885 15915 
15885 16755 16785 
16755 16784 17684 
16784 16814 17684 
16785 17684 17714 
16814 17684 17714 
16785 16815 17714 
16814 16844 17714 
15048 15918 15948 
15918 15947 16847 
15948 15977 16847 
15018 15917 15947 
15918 15947 16817 
15917 16816 16846 
16816 16846 17716 
16816 16817 17716 
16817 17716 17746 
16817 16847 17746 
15947 16817 16847 
16846 17745 17746 
16846 17716 17745 
17716 17746 18645 
17716 18615 18645 
17715 17745 18615 
17715 17716 18615 
17715 17716 17745 
17745 18615 18644 
16848 16878 17777 
15978 16848 16878 
15949 15978 16878 
15950 15979 16849 
15050 15920 15950 
15920 15949 16849 
15920 15921 15950 
15921 15950 16820 
15891 15920 15921 
15891 15921 16820 
15891 15920 16790 
15891 16790 16820 
16790 16819 16820 
15920 16790 16819 
15920 16819 16849 
16819 16820 17719 
16819 16849 17719 
16820 17719 17749 
16820 16850 17749 
16849 16879 17749 
15950 16849 16879 
15950 16820 16850 
16849 17719 17748 
16849 17748 17749 
17719 17749 18648 
17748 17749 17778 
16849 16879 17778 
15979 16849 16879 
16849 17748 17778 
16878 17748 17777 
16848 16878 17748 
16819 16849 17748 
15949 16819 16849 
15920 15949 16819 
15949 16848 16878 
13130 13159 14029 
13071 13100 14000 
13071 13101 14000 
13101 14000 14030 
14030 14059 14929 
13130 14029 14059 
14899 14900 14929 
14000 14870 14899 
14870 14899 14900 
13971 14000 14870 
13971 14870 14900 
13971 14000 14001 
13971 14001 14900 
14000 14001 14030 
14001 14900 14930 
14001 14030 14031 
14001 14031 14930 
14031 14060 14930 
14030 14031 14060 
13101 13131 14030 
13131 14031 14060 
13131 13160 14060 
14031 14060 14960 
14031 14061 14960 
14089 14118 14988 
15017 15046 15946 
15017 15916 15946 
15917 15946 16816 
15887 15917 16816 
15017 15887 15917 
14987 15016 15916 
15017 15046 15916 
15016 15045 15945 
15045 15915 15945 
15016 15045 15915 
14986 15015 15915 
15016 15886 15916 
15016 15915 15945 
15916 15945 16815 
15886 15916 16815 
15885 15886 16785 
14986 15885 15886 
14986 15885 15915 
16785 16786 16815 
15886 16785 16786 
15886 16786 16815 
15945 16815 16845 
16815 16845 17744 
16815 17714 17744 
16844 17714 17743 
16814 16844 17743 
16814 17713 17743 
16784 16814 17713 
16784 17683 17713 
16845 17744 17774 
16845 16875 17774 
15975 16845 16875 
15946 15975 16845 
15046 15916 15946 
15916 15945 16845 
15916 16815 16845 
16786 16815 16816 
15916 16786 16815 
15887 16787 16816 
15887 16786 16787 
16786 16787 16816 
15886 15887 16786 
15886 15916 16786 
14987 15886 15916 
15857 15886 15887 
14086 14956 14986 
14056 14086 14956 
14056 14955 14956 
14926 14956 15855 
14955 14956 15855 
14926 15825 15855 
15948 15977 16877 
15946 15975 16875 
15946 16845 16875 
16845 16875 17745 
16846 17745 17775 
16875 17745 17774 
16846 16876 17775 
15976 16846 16876 
16816 16846 17745 
15946 16816 16846 
16816 17715 17745 
16815 16845 17715 
16815 16816 17715 
16845 17744 17745 
16845 17715 17744 
17715 17745 18644 
17744 17745 17774 
17715 18614 18644 
17714 17715 17744 
17685 17715 18614 
17685 17714 17715 
17685 18584 18614 
17713 17714 17743 
17684 17713 17714 
17683 17684 17713 
17654 17683 17684 
17654 17655 17684 
13911 13941 14811 
13941 14811 14841 
13941 13942 14841 
13042 13941 13942 
13010 13040 13910 
13040 13910 13940 
13011 13910 13940 
13040 13041 13940 
13011 13041 13940 
12141 13040 13041 
13011 13041 13911 
13011 13910 13911 
12171 13071 13100 
12171 12200 13100 
12141 12171 13070 
12170 13040 13070 
12141 13040 13070 
12140 12170 13040 
17659 18558 18588 
17659 17689 18588 
17659 17689 18559 
17689 18559 18588 
18587 18588 18617 
18558 18587 18588 
17658 18557 18587 
17629 17658 17659 
17658 17659 18558 
17629 17630 17659 
17600 17629 17630 
17661 18560 18590 
17661 17691 18590 
16762 17661 17691 
17660 17661 18560 
17660 18559 18589 
17660 17690 18589 
17660 17690 18560 
17690 18560 18589 
16700 17599 17629 
16700 16730 17600 
16700 16730 17629 
16730 17600 17629 
17599 17628 17629 
17628 17629 17658 
18586 18587 18616 
18557 18586 18587 
14809 14839 15709 
14839 15709 15738 
15709 15738 15739 
15738 15739 15768 
15739 15740 16639 
15710 15739 15740 
16639 16668 16669 
16668 16669 16698 
15740 16639 16669 
15740 15770 16669 
15770 16640 16669 
15740 15770 16640 
14810 15709 15739 
14840 15710 15739 
14810 14840 15710 
14810 14840 15739 
15739 15769 16639 
15769 16639 16668 
15739 15768 15769 
15768 15769 15798 
15769 15798 16668 
15798 16668 16697 
15797 15798 16697 
14898 15797 15798 
14898 15768 15797 
14869 15768 15798 
14868 14898 15768 
14839 14868 15768 
14869 15739 15768 
14839 14869 15739 
14839 15739 15768 
14869 14899 15798 
14898 14928 15798 
14899 15798 15828 
18585 18586 18615 
18586 18615 18616 
18615 18616 18645 
18616 18617 18646 
18587 18616 18617 
17746 18616 18645 
17717 18616 18646 
17717 17747 18646 
16847 17746 17747 
16847 17717 17746 
16818 17717 17747 
16817 16847 17717 
16817 16818 17717 
17746 17747 17776 
17716 17746 18616 
17716 17717 18616 
17716 17717 17746 
17745 17746 17775 
18556 18585 18586 
17657 18556 18586 
17627 17628 17657 
17598 17627 17628 
17627 17656 17657 
17656 17657 18556 
17657 17658 18557 
17628 17657 17658 
17657 17687 18586 
17657 17687 18557 
17687 18557 18586 
17656 18555 18585 
17656 17686 18556 
17656 17686 18585 
17686 18556 18585 
18588 18617 18618 
18617 18618 18647 
18588 18589 18618 
18559 18588 18589 
18589 18618 18619 
18618 18619 18648 
17748 18618 18647 
17719 18618 18648 
17718 17719 18618 
17718 17748 18618 
17718 17719 17748 
16792 17691 17721 
16792 16822 17721 
16762 16792 17691 
14811 15710 15740 
14811 14841 15740 
14841 15740 15741 
15740 15741 16640 
16725 16726 17625 
15826 16725 16726 
16726 17625 17655 
17625 17654 17655 
16726 16756 17626 
16756 17626 17655 
16726 16756 17655 
16697 16726 16727 
16726 16727 17626 
16699 17598 17628 
16670 16699 16700 
16699 16700 17599 
16699 16729 17628 
16729 17599 17628 
16699 16729 17599 
15771 16670 16700 
15771 15801 16700 
15801 16700 16701 
16700 16701 17600 
17630 17659 17660 
17659 17660 18559 
18560 18589 18590 
18589 18590 18619 
17658 17688 18587 
17688 18558 18587 
17658 17688 18558 
13942 13972 14842 
13910 13911 14810 
13911 14810 14811 
14810 14811 15710 
13041 13911 13941 
12140 13039 13040 
13039 13040 13939 
13010 13040 13939 
15947 15976 16846 
15047 15917 15947 
15917 15946 16846 
14087 14116 14986 
14087 14986 15016 
14987 15016 15886 
15018 15047 15917 
14089 14118 15018 
14119 14989 15019 
14989 15018 15918 
15019 15048 15918 
14989 15888 15918 
14990 15019 15889 
14090 14989 15019 
14960 14961 14990 
14961 15860 15890 
14961 14990 14991 
14961 14991 15890 
14990 14991 15020 
14991 15020 15890 
14990 15889 15919 
15889 15890 16789 
15889 15919 16789 
15860 15889 15890 
14931 14961 15860 
14931 14960 14961 
14931 15830 15860 
14931 14960 15830 
14960 15830 15859 
15830 15859 15860 
15859 15860 15889 
14060 14930 14960 
14930 14960 15859 
14090 14119 14989 
15018 15047 15947 
14118 14988 15018 
14988 15017 15917 
14988 15887 15917 
15887 15917 16787 
15858 15888 16787 
15887 16757 16787 
15858 16757 16787 
15858 15887 16757 
15888 15918 16817 
15018 15888 15918 
16787 16788 16817 
15888 16788 16817 
15888 16787 16788 
15917 16787 16816 
16787 16816 16817 
13131 13160 14030 
13100 13970 14000 
16785 17655 17684 
16755 17655 17684 
16755 16785 17655 
13909 13910 14809 
13910 14809 14810 
14868 15767 15797 
14898 14928 15827 
15828 16698 16727 
15798 15828 16698 
15798 16698 16727 
17626 17655 17656 
17655 17656 18555 
16727 17626 17656 
16757 17627 17656 
16727 16757 17627 
16727 16757 17656 
16698 16727 16728 
16727 16728 17627 
16698 16728 17598 
16728 17598 17627 
16698 16699 17598 
16669 16698 16699 
14962 15832 15862 
14932 14962 15832 
14902 14932 15802 
14002 14032 14902 
14032 14902 14932 
14932 15802 15832 
12140 13039 13069 
13099 13969 13999 
17747 18617 18646 
17718 18617 18647 
17717 17718 18617 
17717 17718 17747 
17717 17747 18617 
15892 16791 16821 
15921 16791 16821 
15892 15921 16791 
15922 16792 16822 
16822 16851 17721 
16851 17721 17750 
14961 15831 15861 
14932 14961 15831 
14932 15831 15861 
14087 14116 15016 
15889 16788 16789 
16788 16789 16818 
15889 16789 16818 
