1.214000000000000000e+04 1.217000000000000000e+04 1.304000000000000000e+04
1.214000000000000000e+04 1.217000000000000000e+04 1.306900000000000000e+04
1.214000000000000000e+04 1.303900000000000000e+04 1.304000000000000000e+04
1.214000000000000000e+04 1.303900000000000000e+04 1.306900000000000000e+04
1.214100000000000000e+04 1.217100000000000000e+04 1.304100000000000000e+04
1.214100000000000000e+04 1.217100000000000000e+04 1.307000000000000000e+04
1.214100000000000000e+04 1.304000000000000000e+04 1.304100000000000000e+04
1.214100000000000000e+04 1.304000000000000000e+04 1.307000000000000000e+04
1.217000000000000000e+04 1.219900000000000000e+04 1.306900000000000000e+04
1.217000000000000000e+04 1.219900000000000000e+04 1.309900000000000000e+04
1.217000000000000000e+04 1.304000000000000000e+04 1.307000000000000000e+04
1.217000000000000000e+04 1.306900000000000000e+04 1.307000000000000000e+04
1.217000000000000000e+04 1.306900000000000000e+04 1.309900000000000000e+04
1.217100000000000000e+04 1.220000000000000000e+04 1.307000000000000000e+04
1.217100000000000000e+04 1.220000000000000000e+04 1.310000000000000000e+04
1.217100000000000000e+04 1.304100000000000000e+04 1.307100000000000000e+04
1.217100000000000000e+04 1.307100000000000000e+04 1.310000000000000000e+04
1.219900000000000000e+04 1.306900000000000000e+04 1.309900000000000000e+04
1.220000000000000000e+04 1.307000000000000000e+04 1.310000000000000000e+04
1.301000000000000000e+04 1.304000000000000000e+04 1.391000000000000000e+04
1.301000000000000000e+04 1.304000000000000000e+04 1.393900000000000000e+04
1.301000000000000000e+04 1.390900000000000000e+04 1.391000000000000000e+04
1.301000000000000000e+04 1.390900000000000000e+04 1.393900000000000000e+04
1.301100000000000000e+04 1.304100000000000000e+04 1.391100000000000000e+04
1.301100000000000000e+04 1.304100000000000000e+04 1.394000000000000000e+04
1.301100000000000000e+04 1.391000000000000000e+04 1.391100000000000000e+04
1.301100000000000000e+04 1.391000000000000000e+04 1.394000000000000000e+04
1.303900000000000000e+04 1.304000000000000000e+04 1.393900000000000000e+04
1.303900000000000000e+04 1.306900000000000000e+04 1.393900000000000000e+04
1.304000000000000000e+04 1.304100000000000000e+04 1.394000000000000000e+04
1.304000000000000000e+04 1.306900000000000000e+04 1.307000000000000000e+04
1.304000000000000000e+04 1.306900000000000000e+04 1.393900000000000000e+04
1.304000000000000000e+04 1.307000000000000000e+04 1.396900000000000000e+04
1.304000000000000000e+04 1.391000000000000000e+04 1.394000000000000000e+04
1.304000000000000000e+04 1.393900000000000000e+04 1.396900000000000000e+04
1.304100000000000000e+04 1.307000000000000000e+04 1.307100000000000000e+04
1.304100000000000000e+04 1.307000000000000000e+04 1.394000000000000000e+04
1.304100000000000000e+04 1.307100000000000000e+04 1.394100000000000000e+04
1.304100000000000000e+04 1.307100000000000000e+04 1.397000000000000000e+04
1.304100000000000000e+04 1.391100000000000000e+04 1.394100000000000000e+04
1.304100000000000000e+04 1.394000000000000000e+04 1.397000000000000000e+04
1.304200000000000000e+04 1.307200000000000000e+04 1.394200000000000000e+04
1.304200000000000000e+04 1.307200000000000000e+04 1.397100000000000000e+04
1.304200000000000000e+04 1.394100000000000000e+04 1.394200000000000000e+04
1.304200000000000000e+04 1.394100000000000000e+04 1.397100000000000000e+04
1.307000000000000000e+04 1.307100000000000000e+04 1.310000000000000000e+04
1.307000000000000000e+04 1.309900000000000000e+04 1.396900000000000000e+04
1.307000000000000000e+04 1.309900000000000000e+04 1.399900000000000000e+04
1.307000000000000000e+04 1.394000000000000000e+04 1.397000000000000000e+04
1.307000000000000000e+04 1.396900000000000000e+04 1.397000000000000000e+04
1.307000000000000000e+04 1.396900000000000000e+04 1.399900000000000000e+04
1.307100000000000000e+04 1.310000000000000000e+04 1.397000000000000000e+04
1.307100000000000000e+04 1.310000000000000000e+04 1.400000000000000000e+04
1.307100000000000000e+04 1.310100000000000000e+04 1.397100000000000000e+04
1.307100000000000000e+04 1.310100000000000000e+04 1.400000000000000000e+04
1.307100000000000000e+04 1.394100000000000000e+04 1.397100000000000000e+04
1.307200000000000000e+04 1.310100000000000000e+04 1.397100000000000000e+04
1.307200000000000000e+04 1.310100000000000000e+04 1.400100000000000000e+04
1.307200000000000000e+04 1.394200000000000000e+04 1.397200000000000000e+04
1.307200000000000000e+04 1.397200000000000000e+04 1.400100000000000000e+04
1.309900000000000000e+04 1.396900000000000000e+04 1.399900000000000000e+04
1.310000000000000000e+04 1.397000000000000000e+04 1.400000000000000000e+04
1.310100000000000000e+04 1.313100000000000000e+04 1.400100000000000000e+04
1.310100000000000000e+04 1.313100000000000000e+04 1.403000000000000000e+04
1.310100000000000000e+04 1.400000000000000000e+04 1.403000000000000000e+04
1.313000000000000000e+04 1.315900000000000000e+04 1.402900000000000000e+04
1.313000000000000000e+04 1.315900000000000000e+04 1.405900000000000000e+04
1.313000000000000000e+04 1.402900000000000000e+04 1.405900000000000000e+04
1.313100000000000000e+04 1.316000000000000000e+04 1.403000000000000000e+04
1.313100000000000000e+04 1.316000000000000000e+04 1.406000000000000000e+04
1.313100000000000000e+04 1.400100000000000000e+04 1.403100000000000000e+04
1.313100000000000000e+04 1.403100000000000000e+04 1.406000000000000000e+04
1.315900000000000000e+04 1.402900000000000000e+04 1.405900000000000000e+04
1.316000000000000000e+04 1.403000000000000000e+04 1.406000000000000000e+04
1.390900000000000000e+04 1.391000000000000000e+04 1.480900000000000000e+04
1.390900000000000000e+04 1.393900000000000000e+04 1.480900000000000000e+04
1.391000000000000000e+04 1.391100000000000000e+04 1.481000000000000000e+04
1.391000000000000000e+04 1.480900000000000000e+04 1.481000000000000000e+04
1.391100000000000000e+04 1.394100000000000000e+04 1.481100000000000000e+04
1.391100000000000000e+04 1.481000000000000000e+04 1.481100000000000000e+04
1.393900000000000000e+04 1.396900000000000000e+04 1.483900000000000000e+04
1.393900000000000000e+04 1.480900000000000000e+04 1.483900000000000000e+04
1.394100000000000000e+04 1.394200000000000000e+04 1.484100000000000000e+04
1.394100000000000000e+04 1.481100000000000000e+04 1.484100000000000000e+04
1.394200000000000000e+04 1.397200000000000000e+04 1.484200000000000000e+04
1.394200000000000000e+04 1.484100000000000000e+04 1.484200000000000000e+04
1.396900000000000000e+04 1.397000000000000000e+04 1.486900000000000000e+04
1.396900000000000000e+04 1.483900000000000000e+04 1.486900000000000000e+04
1.397000000000000000e+04 1.400000000000000000e+04 1.489900000000000000e+04
1.397000000000000000e+04 1.486900000000000000e+04 1.487000000000000000e+04
1.397000000000000000e+04 1.487000000000000000e+04 1.489900000000000000e+04
1.397100000000000000e+04 1.400000000000000000e+04 1.400100000000000000e+04
1.397100000000000000e+04 1.400000000000000000e+04 1.487000000000000000e+04
1.397100000000000000e+04 1.400100000000000000e+04 1.490000000000000000e+04
1.397100000000000000e+04 1.487000000000000000e+04 1.490000000000000000e+04
1.397200000000000000e+04 1.400100000000000000e+04 1.487100000000000000e+04
1.397200000000000000e+04 1.400200000000000000e+04 1.487200000000000000e+04
1.397200000000000000e+04 1.400200000000000000e+04 1.490100000000000000e+04
1.397200000000000000e+04 1.484200000000000000e+04 1.487200000000000000e+04
1.397200000000000000e+04 1.487100000000000000e+04 1.490100000000000000e+04
1.400000000000000000e+04 1.400100000000000000e+04 1.403000000000000000e+04
1.400000000000000000e+04 1.487000000000000000e+04 1.489900000000000000e+04
1.400100000000000000e+04 1.403000000000000000e+04 1.403100000000000000e+04
1.400100000000000000e+04 1.403100000000000000e+04 1.490100000000000000e+04
1.400100000000000000e+04 1.403100000000000000e+04 1.493000000000000000e+04
1.400100000000000000e+04 1.487100000000000000e+04 1.490100000000000000e+04
1.400100000000000000e+04 1.490000000000000000e+04 1.493000000000000000e+04
1.400200000000000000e+04 1.403200000000000000e+04 1.490200000000000000e+04
1.400200000000000000e+04 1.403200000000000000e+04 1.493100000000000000e+04
1.400200000000000000e+04 1.487200000000000000e+04 1.490200000000000000e+04
1.400200000000000000e+04 1.490100000000000000e+04 1.493100000000000000e+04
1.403000000000000000e+04 1.403100000000000000e+04 1.406000000000000000e+04
1.403000000000000000e+04 1.405900000000000000e+04 1.492900000000000000e+04
1.403000000000000000e+04 1.405900000000000000e+04 1.495900000000000000e+04
1.403000000000000000e+04 1.492900000000000000e+04 1.495900000000000000e+04
1.403100000000000000e+04 1.406000000000000000e+04 1.493000000000000000e+04
1.403100000000000000e+04 1.406000000000000000e+04 1.496000000000000000e+04
1.403100000000000000e+04 1.406100000000000000e+04 1.493100000000000000e+04
1.403100000000000000e+04 1.406100000000000000e+04 1.496000000000000000e+04
1.403100000000000000e+04 1.490100000000000000e+04 1.493100000000000000e+04
1.403200000000000000e+04 1.406100000000000000e+04 1.493100000000000000e+04
1.403200000000000000e+04 1.406100000000000000e+04 1.496100000000000000e+04
1.403200000000000000e+04 1.490200000000000000e+04 1.493200000000000000e+04
1.403200000000000000e+04 1.493200000000000000e+04 1.496100000000000000e+04
1.405600000000000000e+04 1.408600000000000000e+04 1.495600000000000000e+04
1.405600000000000000e+04 1.408600000000000000e+04 1.498500000000000000e+04
1.405600000000000000e+04 1.495500000000000000e+04 1.495600000000000000e+04
1.405600000000000000e+04 1.495500000000000000e+04 1.498500000000000000e+04
1.405900000000000000e+04 1.492900000000000000e+04 1.495900000000000000e+04
1.406000000000000000e+04 1.493000000000000000e+04 1.496000000000000000e+04
1.406100000000000000e+04 1.409100000000000000e+04 1.496100000000000000e+04
1.406100000000000000e+04 1.409100000000000000e+04 1.499000000000000000e+04
1.406100000000000000e+04 1.496000000000000000e+04 1.499000000000000000e+04
1.408600000000000000e+04 1.411500000000000000e+04 1.498500000000000000e+04
1.408600000000000000e+04 1.411500000000000000e+04 1.501500000000000000e+04
1.408600000000000000e+04 1.495600000000000000e+04 1.498600000000000000e+04
1.408600000000000000e+04 1.498500000000000000e+04 1.498600000000000000e+04
1.408600000000000000e+04 1.498500000000000000e+04 1.501500000000000000e+04
1.408700000000000000e+04 1.411600000000000000e+04 1.498600000000000000e+04
1.408700000000000000e+04 1.411600000000000000e+04 1.501600000000000000e+04
1.408700000000000000e+04 1.498600000000000000e+04 1.501600000000000000e+04
1.408800000000000000e+04 1.411700000000000000e+04 1.498700000000000000e+04
1.408800000000000000e+04 1.411700000000000000e+04 1.501700000000000000e+04
1.408800000000000000e+04 1.498700000000000000e+04 1.501700000000000000e+04
1.408900000000000000e+04 1.411800000000000000e+04 1.498800000000000000e+04
1.408900000000000000e+04 1.411800000000000000e+04 1.501800000000000000e+04
1.408900000000000000e+04 1.498800000000000000e+04 1.501800000000000000e+04
1.409000000000000000e+04 1.411900000000000000e+04 1.498900000000000000e+04
1.409000000000000000e+04 1.411900000000000000e+04 1.501900000000000000e+04
1.409000000000000000e+04 1.498900000000000000e+04 1.501900000000000000e+04
1.409100000000000000e+04 1.412000000000000000e+04 1.499000000000000000e+04
1.409100000000000000e+04 1.412000000000000000e+04 1.502000000000000000e+04
1.409100000000000000e+04 1.496100000000000000e+04 1.499100000000000000e+04
1.409100000000000000e+04 1.499100000000000000e+04 1.502000000000000000e+04
1.411500000000000000e+04 1.498500000000000000e+04 1.501500000000000000e+04
1.411600000000000000e+04 1.498600000000000000e+04 1.501600000000000000e+04
1.411700000000000000e+04 1.498700000000000000e+04 1.501700000000000000e+04
1.411800000000000000e+04 1.498800000000000000e+04 1.501800000000000000e+04
1.411900000000000000e+04 1.498900000000000000e+04 1.501900000000000000e+04
1.412000000000000000e+04 1.499000000000000000e+04 1.502000000000000000e+04
1.480900000000000000e+04 1.481000000000000000e+04 1.570900000000000000e+04
1.480900000000000000e+04 1.483900000000000000e+04 1.570900000000000000e+04
1.481000000000000000e+04 1.481100000000000000e+04 1.571000000000000000e+04
1.481000000000000000e+04 1.484000000000000000e+04 1.571000000000000000e+04
1.481000000000000000e+04 1.484000000000000000e+04 1.573900000000000000e+04
1.481000000000000000e+04 1.570900000000000000e+04 1.573900000000000000e+04
1.481100000000000000e+04 1.484100000000000000e+04 1.574000000000000000e+04
1.481100000000000000e+04 1.571000000000000000e+04 1.574000000000000000e+04
1.483900000000000000e+04 1.486800000000000000e+04 1.573800000000000000e+04
1.483900000000000000e+04 1.486800000000000000e+04 1.576800000000000000e+04
1.483900000000000000e+04 1.486900000000000000e+04 1.573900000000000000e+04
1.483900000000000000e+04 1.570900000000000000e+04 1.573800000000000000e+04
1.483900000000000000e+04 1.573900000000000000e+04 1.576800000000000000e+04
1.484000000000000000e+04 1.487000000000000000e+04 1.574000000000000000e+04
1.484000000000000000e+04 1.487000000000000000e+04 1.576900000000000000e+04
1.484000000000000000e+04 1.571000000000000000e+04 1.573900000000000000e+04
1.484000000000000000e+04 1.574000000000000000e+04 1.576900000000000000e+04
1.484100000000000000e+04 1.484200000000000000e+04 1.574100000000000000e+04
1.484100000000000000e+04 1.574000000000000000e+04 1.574100000000000000e+04
1.484200000000000000e+04 1.487200000000000000e+04 1.577100000000000000e+04
1.484200000000000000e+04 1.574100000000000000e+04 1.577100000000000000e+04
1.486800000000000000e+04 1.489800000000000000e+04 1.576800000000000000e+04
1.486800000000000000e+04 1.489800000000000000e+04 1.579700000000000000e+04
1.486800000000000000e+04 1.573800000000000000e+04 1.576700000000000000e+04
1.486800000000000000e+04 1.576700000000000000e+04 1.579700000000000000e+04
1.486900000000000000e+04 1.487000000000000000e+04 1.489900000000000000e+04
1.486900000000000000e+04 1.489900000000000000e+04 1.579800000000000000e+04
1.486900000000000000e+04 1.573900000000000000e+04 1.576800000000000000e+04
1.486900000000000000e+04 1.576800000000000000e+04 1.579800000000000000e+04
1.487000000000000000e+04 1.489900000000000000e+04 1.490000000000000000e+04
1.487000000000000000e+04 1.574000000000000000e+04 1.576900000000000000e+04
1.487200000000000000e+04 1.490200000000000000e+04 1.580100000000000000e+04
1.487200000000000000e+04 1.577100000000000000e+04 1.580100000000000000e+04
1.489800000000000000e+04 1.492800000000000000e+04 1.579800000000000000e+04
1.489800000000000000e+04 1.492800000000000000e+04 1.582700000000000000e+04
1.489800000000000000e+04 1.576800000000000000e+04 1.579700000000000000e+04
1.489800000000000000e+04 1.579700000000000000e+04 1.579800000000000000e+04
1.489800000000000000e+04 1.579700000000000000e+04 1.582700000000000000e+04
1.489900000000000000e+04 1.490000000000000000e+04 1.492900000000000000e+04
1.489900000000000000e+04 1.492900000000000000e+04 1.582800000000000000e+04
1.489900000000000000e+04 1.579800000000000000e+04 1.582800000000000000e+04
1.490000000000000000e+04 1.492900000000000000e+04 1.579900000000000000e+04
1.490000000000000000e+04 1.493000000000000000e+04 1.582900000000000000e+04
1.490000000000000000e+04 1.579900000000000000e+04 1.582900000000000000e+04
1.490200000000000000e+04 1.493200000000000000e+04 1.580200000000000000e+04
1.490200000000000000e+04 1.580100000000000000e+04 1.580200000000000000e+04
1.492600000000000000e+04 1.495600000000000000e+04 1.582600000000000000e+04
1.492600000000000000e+04 1.495600000000000000e+04 1.585500000000000000e+04
1.492600000000000000e+04 1.582500000000000000e+04 1.582600000000000000e+04
1.492600000000000000e+04 1.582500000000000000e+04 1.585500000000000000e+04
1.492800000000000000e+04 1.579800000000000000e+04 1.582700000000000000e+04
1.492900000000000000e+04 1.495900000000000000e+04 1.582900000000000000e+04
1.492900000000000000e+04 1.495900000000000000e+04 1.585800000000000000e+04
1.492900000000000000e+04 1.579900000000000000e+04 1.582900000000000000e+04
1.492900000000000000e+04 1.582800000000000000e+04 1.582900000000000000e+04
1.492900000000000000e+04 1.582900000000000000e+04 1.585800000000000000e+04
1.493000000000000000e+04 1.496000000000000000e+04 1.585900000000000000e+04
1.493000000000000000e+04 1.582900000000000000e+04 1.585900000000000000e+04
1.493100000000000000e+04 1.496000000000000000e+04 1.496100000000000000e+04
1.493100000000000000e+04 1.496000000000000000e+04 1.583000000000000000e+04
1.493100000000000000e+04 1.496100000000000000e+04 1.586000000000000000e+04
1.493100000000000000e+04 1.583000000000000000e+04 1.586000000000000000e+04
1.493200000000000000e+04 1.496100000000000000e+04 1.583100000000000000e+04
1.493200000000000000e+04 1.496200000000000000e+04 1.583200000000000000e+04
1.493200000000000000e+04 1.496200000000000000e+04 1.586100000000000000e+04
1.493200000000000000e+04 1.580200000000000000e+04 1.583200000000000000e+04
1.493200000000000000e+04 1.583100000000000000e+04 1.586100000000000000e+04
1.495500000000000000e+04 1.495600000000000000e+04 1.585500000000000000e+04
1.495500000000000000e+04 1.498500000000000000e+04 1.585500000000000000e+04
1.495600000000000000e+04 1.498500000000000000e+04 1.498600000000000000e+04
1.495600000000000000e+04 1.498500000000000000e+04 1.585500000000000000e+04
1.495600000000000000e+04 1.498600000000000000e+04 1.585600000000000000e+04
1.495600000000000000e+04 1.498600000000000000e+04 1.588500000000000000e+04
1.495600000000000000e+04 1.582600000000000000e+04 1.585600000000000000e+04
1.495600000000000000e+04 1.585500000000000000e+04 1.588500000000000000e+04
1.495900000000000000e+04 1.582900000000000000e+04 1.585800000000000000e+04
1.496000000000000000e+04 1.496100000000000000e+04 1.499000000000000000e+04
1.496000000000000000e+04 1.583000000000000000e+04 1.585900000000000000e+04
1.496100000000000000e+04 1.499000000000000000e+04 1.499100000000000000e+04
1.496100000000000000e+04 1.499100000000000000e+04 1.586100000000000000e+04
1.496100000000000000e+04 1.499100000000000000e+04 1.589000000000000000e+04
1.496100000000000000e+04 1.583100000000000000e+04 1.586100000000000000e+04
1.496100000000000000e+04 1.586000000000000000e+04 1.589000000000000000e+04
1.496200000000000000e+04 1.499200000000000000e+04 1.586200000000000000e+04
1.496200000000000000e+04 1.499200000000000000e+04 1.589100000000000000e+04
1.496200000000000000e+04 1.583200000000000000e+04 1.586200000000000000e+04
1.496200000000000000e+04 1.586100000000000000e+04 1.589100000000000000e+04
1.498600000000000000e+04 1.501500000000000000e+04 1.588500000000000000e+04
1.498600000000000000e+04 1.501500000000000000e+04 1.591500000000000000e+04
1.498600000000000000e+04 1.585600000000000000e+04 1.588600000000000000e+04
1.498600000000000000e+04 1.588500000000000000e+04 1.588600000000000000e+04
1.498600000000000000e+04 1.588500000000000000e+04 1.591500000000000000e+04
1.498700000000000000e+04 1.501600000000000000e+04 1.588600000000000000e+04
1.498700000000000000e+04 1.501600000000000000e+04 1.591600000000000000e+04
1.498700000000000000e+04 1.588600000000000000e+04 1.591600000000000000e+04
1.498800000000000000e+04 1.501700000000000000e+04 1.588700000000000000e+04
1.498800000000000000e+04 1.501700000000000000e+04 1.591700000000000000e+04
1.498800000000000000e+04 1.588700000000000000e+04 1.591700000000000000e+04
1.498900000000000000e+04 1.501800000000000000e+04 1.588800000000000000e+04
1.498900000000000000e+04 1.501800000000000000e+04 1.591800000000000000e+04
1.498900000000000000e+04 1.588800000000000000e+04 1.591800000000000000e+04
1.499000000000000000e+04 1.499100000000000000e+04 1.502000000000000000e+04
1.499000000000000000e+04 1.501900000000000000e+04 1.588900000000000000e+04
1.499000000000000000e+04 1.501900000000000000e+04 1.591900000000000000e+04
1.499000000000000000e+04 1.588900000000000000e+04 1.591900000000000000e+04
1.499100000000000000e+04 1.502000000000000000e+04 1.589000000000000000e+04
1.499100000000000000e+04 1.502000000000000000e+04 1.592000000000000000e+04
1.499100000000000000e+04 1.502100000000000000e+04 1.589100000000000000e+04
1.499100000000000000e+04 1.502100000000000000e+04 1.592000000000000000e+04
1.499100000000000000e+04 1.586100000000000000e+04 1.589100000000000000e+04
1.499200000000000000e+04 1.502100000000000000e+04 1.589100000000000000e+04
1.499200000000000000e+04 1.502100000000000000e+04 1.592100000000000000e+04
1.499200000000000000e+04 1.586200000000000000e+04 1.589200000000000000e+04
1.499200000000000000e+04 1.589200000000000000e+04 1.592100000000000000e+04
1.501500000000000000e+04 1.588500000000000000e+04 1.591500000000000000e+04
1.501600000000000000e+04 1.504500000000000000e+04 1.591500000000000000e+04
1.501600000000000000e+04 1.504500000000000000e+04 1.594500000000000000e+04
1.501600000000000000e+04 1.588600000000000000e+04 1.591600000000000000e+04
1.501600000000000000e+04 1.591500000000000000e+04 1.594500000000000000e+04
1.501700000000000000e+04 1.504600000000000000e+04 1.591600000000000000e+04
1.501700000000000000e+04 1.504600000000000000e+04 1.594600000000000000e+04
1.501700000000000000e+04 1.588700000000000000e+04 1.591700000000000000e+04
1.501700000000000000e+04 1.591600000000000000e+04 1.594600000000000000e+04
1.501800000000000000e+04 1.504700000000000000e+04 1.591700000000000000e+04
1.501800000000000000e+04 1.504700000000000000e+04 1.594700000000000000e+04
1.501800000000000000e+04 1.588800000000000000e+04 1.591800000000000000e+04
1.501800000000000000e+04 1.591700000000000000e+04 1.594700000000000000e+04
1.501900000000000000e+04 1.504800000000000000e+04 1.591800000000000000e+04
1.501900000000000000e+04 1.504800000000000000e+04 1.594800000000000000e+04
1.501900000000000000e+04 1.588900000000000000e+04 1.591900000000000000e+04
1.501900000000000000e+04 1.591800000000000000e+04 1.594800000000000000e+04
1.502000000000000000e+04 1.504900000000000000e+04 1.591900000000000000e+04
1.502000000000000000e+04 1.504900000000000000e+04 1.594900000000000000e+04
1.502000000000000000e+04 1.589000000000000000e+04 1.592000000000000000e+04
1.502000000000000000e+04 1.591900000000000000e+04 1.594900000000000000e+04
1.502100000000000000e+04 1.505000000000000000e+04 1.592000000000000000e+04
1.502100000000000000e+04 1.505000000000000000e+04 1.595000000000000000e+04
1.502100000000000000e+04 1.592100000000000000e+04 1.595000000000000000e+04
1.504500000000000000e+04 1.591500000000000000e+04 1.594500000000000000e+04
1.504600000000000000e+04 1.591600000000000000e+04 1.594600000000000000e+04
1.504700000000000000e+04 1.591700000000000000e+04 1.594700000000000000e+04
1.504800000000000000e+04 1.591800000000000000e+04 1.594800000000000000e+04
1.504900000000000000e+04 1.591900000000000000e+04 1.594900000000000000e+04
1.505000000000000000e+04 1.592000000000000000e+04 1.595000000000000000e+04
1.570900000000000000e+04 1.573800000000000000e+04 1.573900000000000000e+04
1.571000000000000000e+04 1.573900000000000000e+04 1.574000000000000000e+04
1.573800000000000000e+04 1.573900000000000000e+04 1.576800000000000000e+04
1.573800000000000000e+04 1.576700000000000000e+04 1.576800000000000000e+04
1.573900000000000000e+04 1.574000000000000000e+04 1.663900000000000000e+04
1.573900000000000000e+04 1.576800000000000000e+04 1.576900000000000000e+04
1.573900000000000000e+04 1.576900000000000000e+04 1.663900000000000000e+04
1.574000000000000000e+04 1.574100000000000000e+04 1.664000000000000000e+04
1.574000000000000000e+04 1.577000000000000000e+04 1.664000000000000000e+04
1.574000000000000000e+04 1.577000000000000000e+04 1.666900000000000000e+04
1.574000000000000000e+04 1.663900000000000000e+04 1.666900000000000000e+04
1.574100000000000000e+04 1.577100000000000000e+04 1.667000000000000000e+04
1.574100000000000000e+04 1.664000000000000000e+04 1.667000000000000000e+04
1.576700000000000000e+04 1.576800000000000000e+04 1.579700000000000000e+04
1.576800000000000000e+04 1.576900000000000000e+04 1.579800000000000000e+04
1.576900000000000000e+04 1.579800000000000000e+04 1.579900000000000000e+04
1.576900000000000000e+04 1.579800000000000000e+04 1.666800000000000000e+04
1.576900000000000000e+04 1.579800000000000000e+04 1.669800000000000000e+04
1.576900000000000000e+04 1.579900000000000000e+04 1.666900000000000000e+04
1.576900000000000000e+04 1.663900000000000000e+04 1.666800000000000000e+04
1.576900000000000000e+04 1.666900000000000000e+04 1.669800000000000000e+04
1.577000000000000000e+04 1.580000000000000000e+04 1.667000000000000000e+04
1.577000000000000000e+04 1.580000000000000000e+04 1.669900000000000000e+04
1.577000000000000000e+04 1.664000000000000000e+04 1.666900000000000000e+04
1.577000000000000000e+04 1.667000000000000000e+04 1.669900000000000000e+04
1.577100000000000000e+04 1.580100000000000000e+04 1.670000000000000000e+04
1.577100000000000000e+04 1.667000000000000000e+04 1.670000000000000000e+04
1.579700000000000000e+04 1.579800000000000000e+04 1.669700000000000000e+04
1.579700000000000000e+04 1.582700000000000000e+04 1.669700000000000000e+04
1.579800000000000000e+04 1.579900000000000000e+04 1.669800000000000000e+04
1.579800000000000000e+04 1.582700000000000000e+04 1.672700000000000000e+04
1.579800000000000000e+04 1.582800000000000000e+04 1.669800000000000000e+04
1.579800000000000000e+04 1.666800000000000000e+04 1.669700000000000000e+04
1.579800000000000000e+04 1.669800000000000000e+04 1.672700000000000000e+04
1.579900000000000000e+04 1.582900000000000000e+04 1.669900000000000000e+04
1.579900000000000000e+04 1.582900000000000000e+04 1.672800000000000000e+04
1.579900000000000000e+04 1.666900000000000000e+04 1.669800000000000000e+04
1.579900000000000000e+04 1.669900000000000000e+04 1.672800000000000000e+04
1.580000000000000000e+04 1.583000000000000000e+04 1.670000000000000000e+04
1.580000000000000000e+04 1.583000000000000000e+04 1.672900000000000000e+04
1.580000000000000000e+04 1.667000000000000000e+04 1.669900000000000000e+04
1.580000000000000000e+04 1.670000000000000000e+04 1.672900000000000000e+04
1.580100000000000000e+04 1.580200000000000000e+04 1.670100000000000000e+04
1.580100000000000000e+04 1.670000000000000000e+04 1.670100000000000000e+04
1.580200000000000000e+04 1.583200000000000000e+04 1.673100000000000000e+04
1.580200000000000000e+04 1.670100000000000000e+04 1.673100000000000000e+04
1.582500000000000000e+04 1.582600000000000000e+04 1.672500000000000000e+04
1.582500000000000000e+04 1.585500000000000000e+04 1.672500000000000000e+04
1.582600000000000000e+04 1.585600000000000000e+04 1.672600000000000000e+04
1.582600000000000000e+04 1.672500000000000000e+04 1.672600000000000000e+04
1.582700000000000000e+04 1.669700000000000000e+04 1.672600000000000000e+04
1.582700000000000000e+04 1.672600000000000000e+04 1.675600000000000000e+04
1.582700000000000000e+04 1.672700000000000000e+04 1.675600000000000000e+04
1.582800000000000000e+04 1.582900000000000000e+04 1.585800000000000000e+04
1.582800000000000000e+04 1.585700000000000000e+04 1.585800000000000000e+04
1.582800000000000000e+04 1.585700000000000000e+04 1.672700000000000000e+04
1.582800000000000000e+04 1.669800000000000000e+04 1.672700000000000000e+04
1.582900000000000000e+04 1.585800000000000000e+04 1.585900000000000000e+04
1.582900000000000000e+04 1.669900000000000000e+04 1.672800000000000000e+04
1.583000000000000000e+04 1.585900000000000000e+04 1.586000000000000000e+04
1.583000000000000000e+04 1.670000000000000000e+04 1.672900000000000000e+04
1.583200000000000000e+04 1.586200000000000000e+04 1.676100000000000000e+04
1.583200000000000000e+04 1.673100000000000000e+04 1.676100000000000000e+04
1.585500000000000000e+04 1.588500000000000000e+04 1.675500000000000000e+04
1.585500000000000000e+04 1.672500000000000000e+04 1.675500000000000000e+04
1.585600000000000000e+04 1.588600000000000000e+04 1.675600000000000000e+04
1.585600000000000000e+04 1.672600000000000000e+04 1.675600000000000000e+04
1.585700000000000000e+04 1.585800000000000000e+04 1.588700000000000000e+04
1.585700000000000000e+04 1.588600000000000000e+04 1.588700000000000000e+04
1.585700000000000000e+04 1.588600000000000000e+04 1.678600000000000000e+04
1.585700000000000000e+04 1.672700000000000000e+04 1.675600000000000000e+04
1.585700000000000000e+04 1.675600000000000000e+04 1.678600000000000000e+04
1.585800000000000000e+04 1.585900000000000000e+04 1.588800000000000000e+04
1.585800000000000000e+04 1.588700000000000000e+04 1.675700000000000000e+04
1.585800000000000000e+04 1.588800000000000000e+04 1.678700000000000000e+04
1.585800000000000000e+04 1.675700000000000000e+04 1.678700000000000000e+04
1.585900000000000000e+04 1.586000000000000000e+04 1.588900000000000000e+04
1.585900000000000000e+04 1.588800000000000000e+04 1.675800000000000000e+04
1.585900000000000000e+04 1.588900000000000000e+04 1.678800000000000000e+04
1.585900000000000000e+04 1.675800000000000000e+04 1.678800000000000000e+04
1.586000000000000000e+04 1.588900000000000000e+04 1.589000000000000000e+04
1.586000000000000000e+04 1.588900000000000000e+04 1.675900000000000000e+04
1.586000000000000000e+04 1.588900000000000000e+04 1.678900000000000000e+04
1.586000000000000000e+04 1.675900000000000000e+04 1.678900000000000000e+04
1.586200000000000000e+04 1.589200000000000000e+04 1.676200000000000000e+04
1.586200000000000000e+04 1.676100000000000000e+04 1.676200000000000000e+04
1.588500000000000000e+04 1.588600000000000000e+04 1.678500000000000000e+04
1.588500000000000000e+04 1.675500000000000000e+04 1.678500000000000000e+04
1.588600000000000000e+04 1.588700000000000000e+04 1.678600000000000000e+04
1.588600000000000000e+04 1.591600000000000000e+04 1.678600000000000000e+04
1.588600000000000000e+04 1.591600000000000000e+04 1.681500000000000000e+04
1.588600000000000000e+04 1.675600000000000000e+04 1.678600000000000000e+04
1.588600000000000000e+04 1.678500000000000000e+04 1.678600000000000000e+04
1.588600000000000000e+04 1.678600000000000000e+04 1.681500000000000000e+04
1.588700000000000000e+04 1.591700000000000000e+04 1.678700000000000000e+04
1.588700000000000000e+04 1.591700000000000000e+04 1.681600000000000000e+04
1.588700000000000000e+04 1.675700000000000000e+04 1.678700000000000000e+04
1.588700000000000000e+04 1.678600000000000000e+04 1.678700000000000000e+04
1.588700000000000000e+04 1.678700000000000000e+04 1.681600000000000000e+04
1.588800000000000000e+04 1.591800000000000000e+04 1.678800000000000000e+04
1.588800000000000000e+04 1.591800000000000000e+04 1.681700000000000000e+04
1.588800000000000000e+04 1.675800000000000000e+04 1.678800000000000000e+04
1.588800000000000000e+04 1.678700000000000000e+04 1.678800000000000000e+04
1.588800000000000000e+04 1.678800000000000000e+04 1.681700000000000000e+04
1.588900000000000000e+04 1.589000000000000000e+04 1.678900000000000000e+04
1.588900000000000000e+04 1.591900000000000000e+04 1.678900000000000000e+04
1.588900000000000000e+04 1.591900000000000000e+04 1.681800000000000000e+04
1.588900000000000000e+04 1.675900000000000000e+04 1.678900000000000000e+04
1.588900000000000000e+04 1.678800000000000000e+04 1.678900000000000000e+04
1.588900000000000000e+04 1.678900000000000000e+04 1.681800000000000000e+04
1.589000000000000000e+04 1.592000000000000000e+04 1.681900000000000000e+04
1.589000000000000000e+04 1.678900000000000000e+04 1.681900000000000000e+04
1.589100000000000000e+04 1.592000000000000000e+04 1.592100000000000000e+04
1.589100000000000000e+04 1.592000000000000000e+04 1.679000000000000000e+04
1.589100000000000000e+04 1.592100000000000000e+04 1.682000000000000000e+04
1.589100000000000000e+04 1.679000000000000000e+04 1.682000000000000000e+04
1.589200000000000000e+04 1.592100000000000000e+04 1.679100000000000000e+04
1.589200000000000000e+04 1.592200000000000000e+04 1.679200000000000000e+04
1.589200000000000000e+04 1.592200000000000000e+04 1.682100000000000000e+04
1.589200000000000000e+04 1.676200000000000000e+04 1.679200000000000000e+04
1.589200000000000000e+04 1.679100000000000000e+04 1.682100000000000000e+04
1.591600000000000000e+04 1.594500000000000000e+04 1.681500000000000000e+04
1.591600000000000000e+04 1.594500000000000000e+04 1.684500000000000000e+04
1.591600000000000000e+04 1.678600000000000000e+04 1.681500000000000000e+04
1.591600000000000000e+04 1.681500000000000000e+04 1.684500000000000000e+04
1.591700000000000000e+04 1.594600000000000000e+04 1.681600000000000000e+04
1.591700000000000000e+04 1.594600000000000000e+04 1.684600000000000000e+04
1.591700000000000000e+04 1.678700000000000000e+04 1.681600000000000000e+04
1.591700000000000000e+04 1.681600000000000000e+04 1.684600000000000000e+04
1.591800000000000000e+04 1.594700000000000000e+04 1.681700000000000000e+04
1.591800000000000000e+04 1.594700000000000000e+04 1.684700000000000000e+04
1.591800000000000000e+04 1.678800000000000000e+04 1.681700000000000000e+04
1.591800000000000000e+04 1.681700000000000000e+04 1.684700000000000000e+04
1.591900000000000000e+04 1.594800000000000000e+04 1.681800000000000000e+04
1.591900000000000000e+04 1.594800000000000000e+04 1.684800000000000000e+04
1.591900000000000000e+04 1.678900000000000000e+04 1.681800000000000000e+04
1.591900000000000000e+04 1.681800000000000000e+04 1.684800000000000000e+04
1.592000000000000000e+04 1.592100000000000000e+04 1.595000000000000000e+04
1.592000000000000000e+04 1.594900000000000000e+04 1.681900000000000000e+04
1.592000000000000000e+04 1.594900000000000000e+04 1.684900000000000000e+04
1.592000000000000000e+04 1.679000000000000000e+04 1.681900000000000000e+04
1.592000000000000000e+04 1.681900000000000000e+04 1.684900000000000000e+04
1.592100000000000000e+04 1.595000000000000000e+04 1.682000000000000000e+04
1.592100000000000000e+04 1.595000000000000000e+04 1.685000000000000000e+04
1.592100000000000000e+04 1.679100000000000000e+04 1.682100000000000000e+04
1.592100000000000000e+04 1.682100000000000000e+04 1.685000000000000000e+04
1.592200000000000000e+04 1.595100000000000000e+04 1.682100000000000000e+04
1.592200000000000000e+04 1.595100000000000000e+04 1.685100000000000000e+04
1.592200000000000000e+04 1.679200000000000000e+04 1.682200000000000000e+04
1.592200000000000000e+04 1.682200000000000000e+04 1.685100000000000000e+04
1.594500000000000000e+04 1.681500000000000000e+04 1.684500000000000000e+04
1.594600000000000000e+04 1.597500000000000000e+04 1.684500000000000000e+04
1.594600000000000000e+04 1.597500000000000000e+04 1.687500000000000000e+04
1.594600000000000000e+04 1.681600000000000000e+04 1.684600000000000000e+04
1.594600000000000000e+04 1.684500000000000000e+04 1.687500000000000000e+04
1.594700000000000000e+04 1.597600000000000000e+04 1.684600000000000000e+04
1.594700000000000000e+04 1.597600000000000000e+04 1.687600000000000000e+04
1.594700000000000000e+04 1.681700000000000000e+04 1.684700000000000000e+04
1.594700000000000000e+04 1.684600000000000000e+04 1.687600000000000000e+04
1.594800000000000000e+04 1.597700000000000000e+04 1.684700000000000000e+04
1.594800000000000000e+04 1.597700000000000000e+04 1.687700000000000000e+04
1.594800000000000000e+04 1.681800000000000000e+04 1.684800000000000000e+04
1.594800000000000000e+04 1.684700000000000000e+04 1.687700000000000000e+04
1.594900000000000000e+04 1.597800000000000000e+04 1.684800000000000000e+04
1.594900000000000000e+04 1.597800000000000000e+04 1.687800000000000000e+04
1.594900000000000000e+04 1.681900000000000000e+04 1.684900000000000000e+04
1.594900000000000000e+04 1.684800000000000000e+04 1.687800000000000000e+04
1.595000000000000000e+04 1.597900000000000000e+04 1.684900000000000000e+04
1.595000000000000000e+04 1.597900000000000000e+04 1.687900000000000000e+04
1.595000000000000000e+04 1.682000000000000000e+04 1.685000000000000000e+04
1.595000000000000000e+04 1.684900000000000000e+04 1.687900000000000000e+04
1.595100000000000000e+04 1.598000000000000000e+04 1.685000000000000000e+04
1.595100000000000000e+04 1.598000000000000000e+04 1.688000000000000000e+04
1.595100000000000000e+04 1.682100000000000000e+04 1.685000000000000000e+04
1.595100000000000000e+04 1.685100000000000000e+04 1.688000000000000000e+04
1.597500000000000000e+04 1.684500000000000000e+04 1.687500000000000000e+04
1.597600000000000000e+04 1.684600000000000000e+04 1.687600000000000000e+04
1.597700000000000000e+04 1.684700000000000000e+04 1.687700000000000000e+04
1.597800000000000000e+04 1.684800000000000000e+04 1.687800000000000000e+04
1.597900000000000000e+04 1.684900000000000000e+04 1.687900000000000000e+04
1.598000000000000000e+04 1.685000000000000000e+04 1.688000000000000000e+04
1.663900000000000000e+04 1.666800000000000000e+04 1.666900000000000000e+04
1.664000000000000000e+04 1.666900000000000000e+04 1.667000000000000000e+04
1.666800000000000000e+04 1.666900000000000000e+04 1.669800000000000000e+04
1.666800000000000000e+04 1.669700000000000000e+04 1.669800000000000000e+04
1.666900000000000000e+04 1.667000000000000000e+04 1.669900000000000000e+04
1.666900000000000000e+04 1.669800000000000000e+04 1.669900000000000000e+04
1.667000000000000000e+04 1.669900000000000000e+04 1.670000000000000000e+04
1.669700000000000000e+04 1.669800000000000000e+04 1.672700000000000000e+04
1.669700000000000000e+04 1.672600000000000000e+04 1.672700000000000000e+04
1.669800000000000000e+04 1.669900000000000000e+04 1.759800000000000000e+04
1.669800000000000000e+04 1.672700000000000000e+04 1.672800000000000000e+04
1.669800000000000000e+04 1.672800000000000000e+04 1.759800000000000000e+04
1.669900000000000000e+04 1.670000000000000000e+04 1.759900000000000000e+04
1.669900000000000000e+04 1.672900000000000000e+04 1.759900000000000000e+04
1.669900000000000000e+04 1.672900000000000000e+04 1.762800000000000000e+04
1.669900000000000000e+04 1.759800000000000000e+04 1.762800000000000000e+04
1.670000000000000000e+04 1.670100000000000000e+04 1.760000000000000000e+04
1.670000000000000000e+04 1.673000000000000000e+04 1.760000000000000000e+04
1.670000000000000000e+04 1.673000000000000000e+04 1.762900000000000000e+04
1.670000000000000000e+04 1.759900000000000000e+04 1.762900000000000000e+04
1.670100000000000000e+04 1.673100000000000000e+04 1.763000000000000000e+04
1.670100000000000000e+04 1.760000000000000000e+04 1.763000000000000000e+04
1.672500000000000000e+04 1.672600000000000000e+04 1.762500000000000000e+04
1.672500000000000000e+04 1.675500000000000000e+04 1.762500000000000000e+04
1.672600000000000000e+04 1.672700000000000000e+04 1.762600000000000000e+04
1.672600000000000000e+04 1.675600000000000000e+04 1.762600000000000000e+04
1.672600000000000000e+04 1.675600000000000000e+04 1.765500000000000000e+04
1.672600000000000000e+04 1.762500000000000000e+04 1.765500000000000000e+04
1.672700000000000000e+04 1.672800000000000000e+04 1.762700000000000000e+04
1.672700000000000000e+04 1.675700000000000000e+04 1.762700000000000000e+04
1.672700000000000000e+04 1.675700000000000000e+04 1.765600000000000000e+04
1.672700000000000000e+04 1.762600000000000000e+04 1.765600000000000000e+04
1.672800000000000000e+04 1.675800000000000000e+04 1.762800000000000000e+04
1.672800000000000000e+04 1.675800000000000000e+04 1.765700000000000000e+04
1.672800000000000000e+04 1.759800000000000000e+04 1.762700000000000000e+04
1.672800000000000000e+04 1.762800000000000000e+04 1.765700000000000000e+04
1.672900000000000000e+04 1.675900000000000000e+04 1.762900000000000000e+04
1.672900000000000000e+04 1.675900000000000000e+04 1.765800000000000000e+04
1.672900000000000000e+04 1.759900000000000000e+04 1.762800000000000000e+04
1.672900000000000000e+04 1.762900000000000000e+04 1.765800000000000000e+04
1.673000000000000000e+04 1.676000000000000000e+04 1.763000000000000000e+04
1.673000000000000000e+04 1.676000000000000000e+04 1.765900000000000000e+04
1.673000000000000000e+04 1.760000000000000000e+04 1.762900000000000000e+04
1.673000000000000000e+04 1.763000000000000000e+04 1.765900000000000000e+04
1.673100000000000000e+04 1.676100000000000000e+04 1.766000000000000000e+04
1.673100000000000000e+04 1.763000000000000000e+04 1.766000000000000000e+04
1.675500000000000000e+04 1.678400000000000000e+04 1.765400000000000000e+04
1.675500000000000000e+04 1.678400000000000000e+04 1.768400000000000000e+04
1.675500000000000000e+04 1.678500000000000000e+04 1.765500000000000000e+04
1.675500000000000000e+04 1.762500000000000000e+04 1.765400000000000000e+04
1.675500000000000000e+04 1.765500000000000000e+04 1.768400000000000000e+04
1.675600000000000000e+04 1.678600000000000000e+04 1.765600000000000000e+04
1.675600000000000000e+04 1.678600000000000000e+04 1.768500000000000000e+04
1.675600000000000000e+04 1.762600000000000000e+04 1.765500000000000000e+04
1.675600000000000000e+04 1.765600000000000000e+04 1.768500000000000000e+04
1.675700000000000000e+04 1.678700000000000000e+04 1.765700000000000000e+04
1.675700000000000000e+04 1.678700000000000000e+04 1.768600000000000000e+04
1.675700000000000000e+04 1.762700000000000000e+04 1.765600000000000000e+04
1.675700000000000000e+04 1.765700000000000000e+04 1.768600000000000000e+04
1.675800000000000000e+04 1.678800000000000000e+04 1.765800000000000000e+04
1.675800000000000000e+04 1.678800000000000000e+04 1.768700000000000000e+04
1.675800000000000000e+04 1.762800000000000000e+04 1.765700000000000000e+04
1.675800000000000000e+04 1.765800000000000000e+04 1.768700000000000000e+04
1.675900000000000000e+04 1.678900000000000000e+04 1.765900000000000000e+04
1.675900000000000000e+04 1.678900000000000000e+04 1.768800000000000000e+04
1.675900000000000000e+04 1.762900000000000000e+04 1.765800000000000000e+04
1.675900000000000000e+04 1.765900000000000000e+04 1.768800000000000000e+04
1.676000000000000000e+04 1.679000000000000000e+04 1.766000000000000000e+04
1.676000000000000000e+04 1.679000000000000000e+04 1.768900000000000000e+04
1.676000000000000000e+04 1.763000000000000000e+04 1.765900000000000000e+04
1.676000000000000000e+04 1.766000000000000000e+04 1.768900000000000000e+04
1.676100000000000000e+04 1.676200000000000000e+04 1.766100000000000000e+04
1.676100000000000000e+04 1.766000000000000000e+04 1.766100000000000000e+04
1.676200000000000000e+04 1.679200000000000000e+04 1.769100000000000000e+04
1.676200000000000000e+04 1.766100000000000000e+04 1.769100000000000000e+04
1.678400000000000000e+04 1.681400000000000000e+04 1.768400000000000000e+04
1.678400000000000000e+04 1.681400000000000000e+04 1.771300000000000000e+04
1.678400000000000000e+04 1.765400000000000000e+04 1.768300000000000000e+04
1.678400000000000000e+04 1.768300000000000000e+04 1.771300000000000000e+04
1.678500000000000000e+04 1.678600000000000000e+04 1.681500000000000000e+04
1.678500000000000000e+04 1.681500000000000000e+04 1.771400000000000000e+04
1.678500000000000000e+04 1.765500000000000000e+04 1.768400000000000000e+04
1.678500000000000000e+04 1.768400000000000000e+04 1.771400000000000000e+04
1.678600000000000000e+04 1.678700000000000000e+04 1.681600000000000000e+04
1.678600000000000000e+04 1.681500000000000000e+04 1.681600000000000000e+04
1.678600000000000000e+04 1.765600000000000000e+04 1.768500000000000000e+04
1.678700000000000000e+04 1.678800000000000000e+04 1.681700000000000000e+04
1.678700000000000000e+04 1.681600000000000000e+04 1.681700000000000000e+04
1.678700000000000000e+04 1.765700000000000000e+04 1.768600000000000000e+04
1.678800000000000000e+04 1.678900000000000000e+04 1.681800000000000000e+04
1.678800000000000000e+04 1.681700000000000000e+04 1.681800000000000000e+04
1.678800000000000000e+04 1.765800000000000000e+04 1.768700000000000000e+04
1.678900000000000000e+04 1.681800000000000000e+04 1.681900000000000000e+04
1.678900000000000000e+04 1.765900000000000000e+04 1.768800000000000000e+04
1.679000000000000000e+04 1.681900000000000000e+04 1.682000000000000000e+04
1.679000000000000000e+04 1.766000000000000000e+04 1.768900000000000000e+04
1.679200000000000000e+04 1.682200000000000000e+04 1.772100000000000000e+04
1.679200000000000000e+04 1.769100000000000000e+04 1.772100000000000000e+04
1.681400000000000000e+04 1.684400000000000000e+04 1.771400000000000000e+04
1.681400000000000000e+04 1.684400000000000000e+04 1.774300000000000000e+04
1.681400000000000000e+04 1.768400000000000000e+04 1.771400000000000000e+04
1.681400000000000000e+04 1.771300000000000000e+04 1.774300000000000000e+04
1.681500000000000000e+04 1.681600000000000000e+04 1.771500000000000000e+04
1.681500000000000000e+04 1.684500000000000000e+04 1.771500000000000000e+04
1.681500000000000000e+04 1.684500000000000000e+04 1.774400000000000000e+04
1.681500000000000000e+04 1.771400000000000000e+04 1.774400000000000000e+04
1.681600000000000000e+04 1.681700000000000000e+04 1.771600000000000000e+04
1.681600000000000000e+04 1.684600000000000000e+04 1.771600000000000000e+04
1.681600000000000000e+04 1.684600000000000000e+04 1.774500000000000000e+04
1.681600000000000000e+04 1.771500000000000000e+04 1.774500000000000000e+04
1.681700000000000000e+04 1.681800000000000000e+04 1.771700000000000000e+04
1.681700000000000000e+04 1.684700000000000000e+04 1.771700000000000000e+04
1.681700000000000000e+04 1.684700000000000000e+04 1.774600000000000000e+04
1.681700000000000000e+04 1.771600000000000000e+04 1.774600000000000000e+04
1.681800000000000000e+04 1.681900000000000000e+04 1.771800000000000000e+04
1.681800000000000000e+04 1.684800000000000000e+04 1.771800000000000000e+04
1.681800000000000000e+04 1.684800000000000000e+04 1.774700000000000000e+04
1.681800000000000000e+04 1.771700000000000000e+04 1.774700000000000000e+04
1.681900000000000000e+04 1.682000000000000000e+04 1.771900000000000000e+04
1.681900000000000000e+04 1.684900000000000000e+04 1.771900000000000000e+04
1.681900000000000000e+04 1.684900000000000000e+04 1.774800000000000000e+04
1.681900000000000000e+04 1.771800000000000000e+04 1.774800000000000000e+04
1.682000000000000000e+04 1.685000000000000000e+04 1.774900000000000000e+04
1.682000000000000000e+04 1.771900000000000000e+04 1.774900000000000000e+04
1.682200000000000000e+04 1.685100000000000000e+04 1.772100000000000000e+04
1.684400000000000000e+04 1.771400000000000000e+04 1.774300000000000000e+04
1.684500000000000000e+04 1.687500000000000000e+04 1.774500000000000000e+04
1.684500000000000000e+04 1.687500000000000000e+04 1.777400000000000000e+04
1.684500000000000000e+04 1.771500000000000000e+04 1.774400000000000000e+04
1.684500000000000000e+04 1.774400000000000000e+04 1.774500000000000000e+04
1.684500000000000000e+04 1.774400000000000000e+04 1.777400000000000000e+04
1.684600000000000000e+04 1.687600000000000000e+04 1.774600000000000000e+04
1.684600000000000000e+04 1.687600000000000000e+04 1.777500000000000000e+04
1.684600000000000000e+04 1.771600000000000000e+04 1.774500000000000000e+04
1.684600000000000000e+04 1.774500000000000000e+04 1.774600000000000000e+04
1.684600000000000000e+04 1.774500000000000000e+04 1.777500000000000000e+04
1.684700000000000000e+04 1.687700000000000000e+04 1.774700000000000000e+04
1.684700000000000000e+04 1.687700000000000000e+04 1.777600000000000000e+04
1.684700000000000000e+04 1.771700000000000000e+04 1.774600000000000000e+04
1.684700000000000000e+04 1.774600000000000000e+04 1.774700000000000000e+04
1.684700000000000000e+04 1.774600000000000000e+04 1.777600000000000000e+04
1.684800000000000000e+04 1.687800000000000000e+04 1.774800000000000000e+04
1.684800000000000000e+04 1.687800000000000000e+04 1.777700000000000000e+04
1.684800000000000000e+04 1.771800000000000000e+04 1.774700000000000000e+04
1.684800000000000000e+04 1.774700000000000000e+04 1.774800000000000000e+04
1.684800000000000000e+04 1.774700000000000000e+04 1.777700000000000000e+04
1.684900000000000000e+04 1.687900000000000000e+04 1.774900000000000000e+04
1.684900000000000000e+04 1.687900000000000000e+04 1.777800000000000000e+04
1.684900000000000000e+04 1.771900000000000000e+04 1.774800000000000000e+04
1.684900000000000000e+04 1.774800000000000000e+04 1.774900000000000000e+04
1.684900000000000000e+04 1.774800000000000000e+04 1.777800000000000000e+04
1.685000000000000000e+04 1.688000000000000000e+04 1.777900000000000000e+04
1.685000000000000000e+04 1.772000000000000000e+04 1.774900000000000000e+04
1.685000000000000000e+04 1.772000000000000000e+04 1.775000000000000000e+04
1.685000000000000000e+04 1.774900000000000000e+04 1.775000000000000000e+04
1.685000000000000000e+04 1.774900000000000000e+04 1.777900000000000000e+04
1.685100000000000000e+04 1.688000000000000000e+04 1.775000000000000000e+04
1.685100000000000000e+04 1.772100000000000000e+04 1.775000000000000000e+04
1.687500000000000000e+04 1.774500000000000000e+04 1.777400000000000000e+04
1.687600000000000000e+04 1.774600000000000000e+04 1.777500000000000000e+04
1.687700000000000000e+04 1.774700000000000000e+04 1.777600000000000000e+04
1.687800000000000000e+04 1.774800000000000000e+04 1.777700000000000000e+04
1.687900000000000000e+04 1.774900000000000000e+04 1.777800000000000000e+04
1.688000000000000000e+04 1.775000000000000000e+04 1.777900000000000000e+04
1.759800000000000000e+04 1.762700000000000000e+04 1.762800000000000000e+04
1.759900000000000000e+04 1.762800000000000000e+04 1.762900000000000000e+04
1.760000000000000000e+04 1.762900000000000000e+04 1.763000000000000000e+04
1.762500000000000000e+04 1.765400000000000000e+04 1.765500000000000000e+04
1.762600000000000000e+04 1.765500000000000000e+04 1.765600000000000000e+04
1.762700000000000000e+04 1.762800000000000000e+04 1.765700000000000000e+04
1.762700000000000000e+04 1.765600000000000000e+04 1.765700000000000000e+04
1.762800000000000000e+04 1.762900000000000000e+04 1.765800000000000000e+04
1.762800000000000000e+04 1.765700000000000000e+04 1.765800000000000000e+04
1.762900000000000000e+04 1.763000000000000000e+04 1.765900000000000000e+04
1.762900000000000000e+04 1.765800000000000000e+04 1.765900000000000000e+04
1.763000000000000000e+04 1.765900000000000000e+04 1.766000000000000000e+04
1.765400000000000000e+04 1.765500000000000000e+04 1.768400000000000000e+04
1.765400000000000000e+04 1.768300000000000000e+04 1.768400000000000000e+04
1.765500000000000000e+04 1.765600000000000000e+04 1.855500000000000000e+04
1.765500000000000000e+04 1.768400000000000000e+04 1.768500000000000000e+04
1.765500000000000000e+04 1.768500000000000000e+04 1.855500000000000000e+04
1.765600000000000000e+04 1.765700000000000000e+04 1.855600000000000000e+04
1.765600000000000000e+04 1.768600000000000000e+04 1.855600000000000000e+04
1.765600000000000000e+04 1.768600000000000000e+04 1.858500000000000000e+04
1.765600000000000000e+04 1.855500000000000000e+04 1.858500000000000000e+04
1.765700000000000000e+04 1.765800000000000000e+04 1.855700000000000000e+04
1.765700000000000000e+04 1.768700000000000000e+04 1.855700000000000000e+04
1.765700000000000000e+04 1.768700000000000000e+04 1.858600000000000000e+04
1.765700000000000000e+04 1.855600000000000000e+04 1.858600000000000000e+04
1.765800000000000000e+04 1.765900000000000000e+04 1.855800000000000000e+04
1.765800000000000000e+04 1.768800000000000000e+04 1.855800000000000000e+04
1.765800000000000000e+04 1.768800000000000000e+04 1.858700000000000000e+04
1.765800000000000000e+04 1.855700000000000000e+04 1.858700000000000000e+04
1.765900000000000000e+04 1.766000000000000000e+04 1.855900000000000000e+04
1.765900000000000000e+04 1.768900000000000000e+04 1.855900000000000000e+04
1.765900000000000000e+04 1.768900000000000000e+04 1.858800000000000000e+04
1.765900000000000000e+04 1.855800000000000000e+04 1.858800000000000000e+04
1.766000000000000000e+04 1.766100000000000000e+04 1.856000000000000000e+04
1.766000000000000000e+04 1.769000000000000000e+04 1.856000000000000000e+04
1.766000000000000000e+04 1.769000000000000000e+04 1.858900000000000000e+04
1.766000000000000000e+04 1.855900000000000000e+04 1.858900000000000000e+04
1.766100000000000000e+04 1.769100000000000000e+04 1.859000000000000000e+04
1.766100000000000000e+04 1.856000000000000000e+04 1.859000000000000000e+04
1.768300000000000000e+04 1.768400000000000000e+04 1.771300000000000000e+04
1.768400000000000000e+04 1.768500000000000000e+04 1.771400000000000000e+04
1.768400000000000000e+04 1.771300000000000000e+04 1.771400000000000000e+04
1.768500000000000000e+04 1.771400000000000000e+04 1.771500000000000000e+04
1.768500000000000000e+04 1.771500000000000000e+04 1.861400000000000000e+04
1.768500000000000000e+04 1.855500000000000000e+04 1.858400000000000000e+04
1.768500000000000000e+04 1.858400000000000000e+04 1.861400000000000000e+04
1.768600000000000000e+04 1.855600000000000000e+04 1.858500000000000000e+04
1.768700000000000000e+04 1.855700000000000000e+04 1.858600000000000000e+04
1.768800000000000000e+04 1.855800000000000000e+04 1.858700000000000000e+04
1.768900000000000000e+04 1.855900000000000000e+04 1.858800000000000000e+04
1.769000000000000000e+04 1.856000000000000000e+04 1.858900000000000000e+04
1.769100000000000000e+04 1.772100000000000000e+04 1.862000000000000000e+04
1.769100000000000000e+04 1.859000000000000000e+04 1.862000000000000000e+04
1.771300000000000000e+04 1.771400000000000000e+04 1.774300000000000000e+04
1.771400000000000000e+04 1.771500000000000000e+04 1.774400000000000000e+04
1.771500000000000000e+04 1.771600000000000000e+04 1.774500000000000000e+04
1.771500000000000000e+04 1.771600000000000000e+04 1.861500000000000000e+04
1.771500000000000000e+04 1.774500000000000000e+04 1.861500000000000000e+04
1.771500000000000000e+04 1.774500000000000000e+04 1.864400000000000000e+04
1.771500000000000000e+04 1.861400000000000000e+04 1.864400000000000000e+04
1.771600000000000000e+04 1.771700000000000000e+04 1.774600000000000000e+04
1.771600000000000000e+04 1.771700000000000000e+04 1.861600000000000000e+04
1.771600000000000000e+04 1.774600000000000000e+04 1.861600000000000000e+04
1.771600000000000000e+04 1.774600000000000000e+04 1.864500000000000000e+04
1.771600000000000000e+04 1.861500000000000000e+04 1.864500000000000000e+04
1.771700000000000000e+04 1.771800000000000000e+04 1.774700000000000000e+04
1.771700000000000000e+04 1.771800000000000000e+04 1.861700000000000000e+04
1.771700000000000000e+04 1.774700000000000000e+04 1.861700000000000000e+04
1.771700000000000000e+04 1.774700000000000000e+04 1.864600000000000000e+04
1.771700000000000000e+04 1.861600000000000000e+04 1.864600000000000000e+04
1.771800000000000000e+04 1.771900000000000000e+04 1.774800000000000000e+04
1.771800000000000000e+04 1.771900000000000000e+04 1.861800000000000000e+04
1.771800000000000000e+04 1.774800000000000000e+04 1.861800000000000000e+04
1.771800000000000000e+04 1.774800000000000000e+04 1.864700000000000000e+04
1.771800000000000000e+04 1.861700000000000000e+04 1.864700000000000000e+04
1.771900000000000000e+04 1.772000000000000000e+04 1.774900000000000000e+04
1.771900000000000000e+04 1.772000000000000000e+04 1.861900000000000000e+04
1.771900000000000000e+04 1.774900000000000000e+04 1.861900000000000000e+04
1.771900000000000000e+04 1.774900000000000000e+04 1.864800000000000000e+04
1.771900000000000000e+04 1.861800000000000000e+04 1.864800000000000000e+04
1.772000000000000000e+04 1.775000000000000000e+04 1.864900000000000000e+04
1.772000000000000000e+04 1.861900000000000000e+04 1.864900000000000000e+04
1.772100000000000000e+04 1.775000000000000000e+04 1.862000000000000000e+04
1.774400000000000000e+04 1.774500000000000000e+04 1.777400000000000000e+04
1.774500000000000000e+04 1.774600000000000000e+04 1.777500000000000000e+04
1.774500000000000000e+04 1.861500000000000000e+04 1.864400000000000000e+04
1.774600000000000000e+04 1.774700000000000000e+04 1.777600000000000000e+04
1.774600000000000000e+04 1.861600000000000000e+04 1.864500000000000000e+04
1.774700000000000000e+04 1.774800000000000000e+04 1.777700000000000000e+04
1.774700000000000000e+04 1.861700000000000000e+04 1.864600000000000000e+04
1.774800000000000000e+04 1.774900000000000000e+04 1.777800000000000000e+04
1.774800000000000000e+04 1.861800000000000000e+04 1.864700000000000000e+04
1.774900000000000000e+04 1.775000000000000000e+04 1.777900000000000000e+04
1.774900000000000000e+04 1.861900000000000000e+04 1.864800000000000000e+04
1.775000000000000000e+04 1.862000000000000000e+04 1.864900000000000000e+04
1.855500000000000000e+04 1.858400000000000000e+04 1.858500000000000000e+04
1.855600000000000000e+04 1.858500000000000000e+04 1.858600000000000000e+04
1.855700000000000000e+04 1.858600000000000000e+04 1.858700000000000000e+04
1.855800000000000000e+04 1.858700000000000000e+04 1.858800000000000000e+04
1.855900000000000000e+04 1.858800000000000000e+04 1.858900000000000000e+04
1.856000000000000000e+04 1.858900000000000000e+04 1.859000000000000000e+04
1.858400000000000000e+04 1.858500000000000000e+04 1.861400000000000000e+04
1.858500000000000000e+04 1.858600000000000000e+04 1.861500000000000000e+04
1.858500000000000000e+04 1.861400000000000000e+04 1.861500000000000000e+04
1.858600000000000000e+04 1.858700000000000000e+04 1.861600000000000000e+04
1.858600000000000000e+04 1.861500000000000000e+04 1.861600000000000000e+04
1.858700000000000000e+04 1.858800000000000000e+04 1.861700000000000000e+04
1.858700000000000000e+04 1.861600000000000000e+04 1.861700000000000000e+04
1.858800000000000000e+04 1.858900000000000000e+04 1.861800000000000000e+04
1.858800000000000000e+04 1.861700000000000000e+04 1.861800000000000000e+04
1.858900000000000000e+04 1.859000000000000000e+04 1.861900000000000000e+04
1.858900000000000000e+04 1.861800000000000000e+04 1.861900000000000000e+04
1.859000000000000000e+04 1.861900000000000000e+04 1.862000000000000000e+04
1.861400000000000000e+04 1.861500000000000000e+04 1.864400000000000000e+04
1.861500000000000000e+04 1.861600000000000000e+04 1.864500000000000000e+04
1.861600000000000000e+04 1.861700000000000000e+04 1.864600000000000000e+04
1.861700000000000000e+04 1.861800000000000000e+04 1.864700000000000000e+04
1.861800000000000000e+04 1.861900000000000000e+04 1.864800000000000000e+04
1.861900000000000000e+04 1.862000000000000000e+04 1.864900000000000000e+04
