14.9955 7.69246 5.00499
11.2008 5.00376 12.0912
24.8642 4.99902 22.9
3.00423 19.2299 11.1087
13.8976 5.00318 9.50366
4.00561 23.6065 24.2812
23.1597 2.99905 17.2254
13.5772 8.5319 4.98996
8.05486 16.9788 5.99563
9.76761 20.6158 28.9953
27.729 20.2946 6.00362
16.9475 5.00463 7.07578
19.7083 17.2196 2.0068
16.9121 12.5129 2.99546
29.0013 16.0522 14.316
16.1204 28.9988 14.2172
16.6614 1.99655 15.084
13.254 6.40368 6.99667
9.00193 10.4472 8.44227
15.4219 9.99945 3.24527
11.9992 13.8538 4.39341
19.5321 9.24921 3.00154
25.8295 13.1602 3.00924
13.8026 20.7975 3.99373
11 5.99916 21.4467
22.1949 25.9964 6.58448
9.59853 21.0095 18.7549
29.0029 8.48768 16.9816
29.0002 16.2705 27.0019
17.5832 3.00957 10.8887
17.8261 3.77658 21.9991
19.4525 11.0009 28.2628
15.4721 11.2319 10.3802
7.99062 24.8847 7.99797
2.09044 16.7471 19.3545
10.9981 6.18434 9.18059
8.20832 7.99641 11.8117
9.00494 6.23906 16.6455
5.96398 11.0018 20.9683
11.0821 8.67208 6.8947
3.99674 26.8466 15.8539
21.0395 13.1409 2.00648
29.0047 8.94106 9.00498
28.9949 28.974 20.4384
11.6076 28.9911 22.549
23.0154 15.7045 21.5871
29.0093 24.8728 12.3971
20.4092 28.996 22.3828
29.0105 20.9976 20.5757
28.9975 25.5069 17.1402
21.7765 18.3993 28.9902
23.5129 28.9957 15.351
14.8933 27.5353 7.00544
4.99427 16.8998 25.6238
28.9972 10.3924 23.5348
24.6861 4.00066 10.699
15.2471 16.6634 28.9952
9.58866 28.9997 12.9709
10.9996 26.7914 28.4442
14.9104 7.47756 25.9967
28.9937 14.9268 8.40662
25.7375 28.9971 10.0207
15.5201 28.9931 26.3426
20.9082 28.2525 27.9965
25.1382 28.9937 24.8404
27.9086 29.0001 14.0562
4.99965 12.0791 12.6658
28.9948 20.8946 15.3428
6.9964 27.98 25.0854
27.5016 4.13328 14.8964
9.57688 12.7166 27.9945
17.0258 24.3565 28.9945
21.6506 11.7147 11.9018
26.003 24.9147 28.1596
17.2376 16.8467 16.0429
22.3916 7.13131 4.9964
