1.396900000000000000e+04 1.397000000000000000e+04 1.486900000000000000e+04
1.397000000000000000e+04 1.400000000000000000e+04 1.489900000000000000e+04
1.397000000000000000e+04 1.486900000000000000e+04 1.487000000000000000e+04
1.397000000000000000e+04 1.487000000000000000e+04 1.489900000000000000e+04
1.400000000000000000e+04 1.487000000000000000e+04 1.489900000000000000e+04
1.486900000000000000e+04 1.487000000000000000e+04 1.489900000000000000e+04
1.487000000000000000e+04 1.489900000000000000e+04 1.490000000000000000e+04
1.489900000000000000e+04 1.490000000000000000e+04 1.492900000000000000e+04
1.489900000000000000e+04 1.492900000000000000e+04 1.582800000000000000e+04
1.490000000000000000e+04 1.492900000000000000e+04 1.579900000000000000e+04
1.490000000000000000e+04 1.493000000000000000e+04 1.582900000000000000e+04
1.490000000000000000e+04 1.579900000000000000e+04 1.582900000000000000e+04
1.492900000000000000e+04 1.495900000000000000e+04 1.582900000000000000e+04
1.492900000000000000e+04 1.495900000000000000e+04 1.585800000000000000e+04
1.492900000000000000e+04 1.579900000000000000e+04 1.582900000000000000e+04
1.492900000000000000e+04 1.582800000000000000e+04 1.582900000000000000e+04
1.492900000000000000e+04 1.582900000000000000e+04 1.585800000000000000e+04
1.493000000000000000e+04 1.496000000000000000e+04 1.585900000000000000e+04
1.493000000000000000e+04 1.582900000000000000e+04 1.585900000000000000e+04
1.495900000000000000e+04 1.582900000000000000e+04 1.585800000000000000e+04
1.496000000000000000e+04 1.583000000000000000e+04 1.585900000000000000e+04
1.582800000000000000e+04 1.582900000000000000e+04 1.585800000000000000e+04
1.582800000000000000e+04 1.585700000000000000e+04 1.585800000000000000e+04
1.582900000000000000e+04 1.585800000000000000e+04 1.585900000000000000e+04
1.583000000000000000e+04 1.585900000000000000e+04 1.586000000000000000e+04
1.585700000000000000e+04 1.585800000000000000e+04 1.588700000000000000e+04
1.585700000000000000e+04 1.588600000000000000e+04 1.588700000000000000e+04
1.585700000000000000e+04 1.588600000000000000e+04 1.678600000000000000e+04
1.585800000000000000e+04 1.585900000000000000e+04 1.588800000000000000e+04
1.585800000000000000e+04 1.588700000000000000e+04 1.675700000000000000e+04
1.585800000000000000e+04 1.588800000000000000e+04 1.678700000000000000e+04
1.585800000000000000e+04 1.675700000000000000e+04 1.678700000000000000e+04
1.585900000000000000e+04 1.586000000000000000e+04 1.588900000000000000e+04
1.585900000000000000e+04 1.588800000000000000e+04 1.675800000000000000e+04
1.585900000000000000e+04 1.588900000000000000e+04 1.678800000000000000e+04
1.585900000000000000e+04 1.675800000000000000e+04 1.678800000000000000e+04
1.586000000000000000e+04 1.588900000000000000e+04 1.589000000000000000e+04
1.588500000000000000e+04 1.588600000000000000e+04 1.678500000000000000e+04
1.588600000000000000e+04 1.588700000000000000e+04 1.678600000000000000e+04
1.588600000000000000e+04 1.591600000000000000e+04 1.678600000000000000e+04
1.588600000000000000e+04 1.591600000000000000e+04 1.681500000000000000e+04
1.588600000000000000e+04 1.678500000000000000e+04 1.678600000000000000e+04
1.588600000000000000e+04 1.678600000000000000e+04 1.681500000000000000e+04
1.588700000000000000e+04 1.591700000000000000e+04 1.678700000000000000e+04
1.588700000000000000e+04 1.591700000000000000e+04 1.681600000000000000e+04
1.588700000000000000e+04 1.675700000000000000e+04 1.678700000000000000e+04
1.588700000000000000e+04 1.678600000000000000e+04 1.678700000000000000e+04
1.588700000000000000e+04 1.678700000000000000e+04 1.681600000000000000e+04
1.588800000000000000e+04 1.591800000000000000e+04 1.678800000000000000e+04
1.588800000000000000e+04 1.591800000000000000e+04 1.681700000000000000e+04
1.588800000000000000e+04 1.675800000000000000e+04 1.678800000000000000e+04
1.588800000000000000e+04 1.678700000000000000e+04 1.678800000000000000e+04
1.588800000000000000e+04 1.678800000000000000e+04 1.681700000000000000e+04
1.588900000000000000e+04 1.589000000000000000e+04 1.678900000000000000e+04
1.588900000000000000e+04 1.591900000000000000e+04 1.678900000000000000e+04
1.588900000000000000e+04 1.591900000000000000e+04 1.681800000000000000e+04
1.588900000000000000e+04 1.678800000000000000e+04 1.678900000000000000e+04
1.588900000000000000e+04 1.678900000000000000e+04 1.681800000000000000e+04
1.589000000000000000e+04 1.592000000000000000e+04 1.681900000000000000e+04
1.589000000000000000e+04 1.678900000000000000e+04 1.681900000000000000e+04
1.591600000000000000e+04 1.678600000000000000e+04 1.681500000000000000e+04
1.591700000000000000e+04 1.678700000000000000e+04 1.681600000000000000e+04
1.591800000000000000e+04 1.678800000000000000e+04 1.681700000000000000e+04
1.591900000000000000e+04 1.678900000000000000e+04 1.681800000000000000e+04
1.592000000000000000e+04 1.679000000000000000e+04 1.681900000000000000e+04
1.678500000000000000e+04 1.678600000000000000e+04 1.681500000000000000e+04
1.678600000000000000e+04 1.678700000000000000e+04 1.681600000000000000e+04
1.678600000000000000e+04 1.681500000000000000e+04 1.681600000000000000e+04
1.678700000000000000e+04 1.678800000000000000e+04 1.681700000000000000e+04
1.678700000000000000e+04 1.681600000000000000e+04 1.681700000000000000e+04
1.678800000000000000e+04 1.678900000000000000e+04 1.681800000000000000e+04
1.678800000000000000e+04 1.681700000000000000e+04 1.681800000000000000e+04
1.678900000000000000e+04 1.681800000000000000e+04 1.681900000000000000e+04
1.679000000000000000e+04 1.681900000000000000e+04 1.682000000000000000e+04
