15886 16785 16786
14899 14900 14929
13041 13940 13970
16755 16784 17654
15980 16850 16880
12140 13039 13040
16789 16818 16819
17745 17746 17775
17656 17686 18585
14988 15887 15917
14056 14955 14956
16849 17719 17748
16819 16849 17748
16725 16726 17625
12171 12200 13100
15828 16698 16727
16755 16785 17655
16879 17749 17778
15017 15916 15946
13040 13069 13939
14869 15739 15768
15917 15946 16816
13040 13939 13969
16726 16727 17626
14031 14061 14931
14810 14811 15710
14988 15017 15917
14839 14869 15739
17715 17716 18615
15738 15767 15768
15889 16789 16818
12170 12199 13099
14929 14959 15858
14991 15020 15920
12141 12171 13070
12170 13040 13070
14902 14932 15802
15019 15048 15918
15920 15949 16819
13911 13941 14811
13130 14029 14059
15979 16849 16879
14932 14962 15832
18556 18585 18586
15797 15827 16697
18560 18589 18590
14986 15015 15885
14089 14988 15018
13131 14031 14060
14032 14061 14931
15021 15921 15950
15047 15917 15947
14990 14991 15020
16845 16875 17745
14087 14116 15016
15921 16821 16850
15021 15050 15920
14839 14868 15768
16846 17745 17746
14961 14991 15890
17684 17713 17714
13100 13970 14000
15827 16726 16756
14956 14985 14986
15740 15770 16640
15738 15739 15768
14900 14930 15829
16787 16816 16817
13071 13100 14000
17747 18617 18646
16815 17714 17744
15950 16849 16879
16700 16701 17600
14059 14929 14959
17660 17690 18589
16878 17748 17777
13070 13969 13970
14868 14898 15797
17715 17716 17745
15857 16756 16786
16640 16669 16670
16726 16756 17655
16848 16878 17748
17717 17747 18617
16847 17746 17776
13969 13970 14869
17719 17749 18619
15769 15798 16668
15741 15771 16670
15951 16851 16880
14987 15016 15916
17691 17721 18620
13939 13969 14839
15951 15980 16880
16849 16879 17749
15018 15047 15917
18617 18618 18647
15946 16816 16846
16698 16699 17598
14056 14086 14956
15918 15947 16817
15950 16820 16850
14992 15862 15892
16846 16876 17775
15830 15859 15860
15862 15892 16762
17626 17655 17656
16700 16730 17629
18584 18585 18614
13011 13041 13911
15770 16640 16669
13910 13911 14810
14001 14031 14901
15020 15890 15920
15918 16817 16847
16847 16877 17747
15918 15947 16847
12171 12200 13070
17655 17685 18555
16757 17627 17656
17657 18556 18586
14956 14985 15855
15887 16786 16787
15016 15915 15945
16822 16851 17721
16851 17721 17750
17655 17656 18555
14030 14059 14959
13041 13911 13941
14086 14985 15015
16727 16757 17627
16761 17660 17661
15919 15948 16818
13911 14810 14811
14988 15017 15887
17717 17718 18617
14991 15021 15920
14932 15802 15832
14991 15861 15891
14001 14031 14930
16762 17661 17691
12170 12199 13069
15889 15890 16789
14990 15019 15889
15948 15977 16877
17685 17714 17715
15886 15887 16786
14926 14956 15826
15017 15887 15917
17715 17745 18644
14869 14899 15798
13011 13910 13911
17718 17719 18618
13070 13099 13999
14932 15831 15861
14872 15771 15801
14090 14989 15019
17721 17750 18620
16814 16844 17714
14001 14900 14930
16784 16814 17684
15802 16701 16731
15951 16821 16850
13011 13910 13940
17625 17654 17655
15859 15889 16788
15887 16787 16816
17746 17747 17776
14960 14961 14990
14088 14117 15017
16729 17599 17628
17749 18619 18648
14956 15855 15885
15797 15798 16697
17627 17656 17657
13071 13941 13971
16730 17600 17629
18585 18586 18615
15828 15857 15858
13071 13101 13971
15710 15739 15740
15916 16786 16815
16699 16729 17599
13042 13072 13971
13131 14001 14031
16698 16727 16728
12141 13040 13041
15739 15768 15769
13101 14000 14030
15858 15887 16757
14898 15797 15798
15798 16698 16727
15948 16818 16848
12170 13069 13070
14000 14870 14899
14116 14986 15016
15888 15918 16817
13010 13040 13910
14932 14962 15861
15768 15769 15798
15892 16762 16792
16755 17625 17654
15017 15046 15916
18557 18586 18587
16817 16847 17717
15018 15888 15918
14931 15830 15860
14987 15016 15886
15892 15921 16791
16818 16819 17718
14086 14115 15015
15046 15916 15946
14992 15021 15921
15947 15976 16876
14030 14929 14959
17659 17660 18559
15916 15945 16845
16818 17717 17747
17713 17714 17743
16790 16819 16820
15832 16731 16761
15922 15951 16851
14961 15860 15890
16699 16729 17628
16817 16847 17746
13970 14870 14899
14900 15799 15829
14810 14840 15710
17654 17655 17684
14086 14956 14986
17745 18615 18644
14929 15829 15858
13042 13072 13942
14117 14987 15017
16668 16669 16698
15889 15919 16818
17691 18590 18620
16697 16698 16727
14899 15798 15828
13042 13941 13971
13072 13942 13972
16850 17720 17749
15920 16790 16819
17599 17628 17629
16697 16726 16727
13942 14841 14842
15948 15977 16847
15859 15860 15889
16817 17716 17746
15826 16725 16726
17714 17715 17744
16755 17655 17684
14840 15710 15739
16876 17746 17775
15739 15769 16639
15829 15858 15859
16785 16786 16815
17720 18619 18649
14898 14928 15798
16815 16845 17744
18616 18617 18646
18589 18618 18619
15859 16758 16788
15020 15049 15949
15892 16791 16821
14087 14986 15016
15886 16756 16786
14841 15740 15741
12200 13070 13100
12140 13039 13069
14931 14961 15860
15045 15915 15945
16875 17745 17774
15887 15917 16816
17717 17747 18646
17718 18617 18647
17659 18558 18588
15978 16848 16878
13971 14870 14900
14061 14091 14961
16788 16789 16818
15858 15888 16787
14088 14117 14987
16848 17747 17777
13909 13910 14809
13070 13071 13100
18588 18617 18618
15855 16725 16755
15920 15921 15950
14986 15885 15886
17689 18559 18588
16850 16880 17779
15832 15862 16761
16792 17691 17721
16698 16728 17598
15892 15922 16792
15826 15856 16726
16845 17744 17774
16699 17598 17628
17719 17749 18648
16788 16817 16818
13040 13910 13940
16815 16816 17715
13969 14839 14869
14839 15709 15738
14898 14928 15827
14869 14870 14899
13040 13069 13070
14991 15020 15890
16755 16784 17684
14061 14960 14990
14809 14839 15709
14056 14086 14985
14811 14841 15740
14868 15738 15767
15919 16818 16848
17658 17688 18587
16851 16880 17750
14986 15856 15886
16669 16670 16699
14002 14901 14931
14120 14990 15020
15740 15770 16669
17656 17657 18556
16877 17747 17776
16849 17748 17749
13011 13041 13940
16756 17626 17655
14060 14930 14960
16845 16875 17774
15891 16790 16820
13010 13909 13939
14115 14985 15015
15947 15976 16846
17749 17750 17779
16846 17716 17745
15916 15945 16815
14087 14116 14986
15771 15801 16700
15885 15886 16785
14086 14985 14986
14031 14060 14960
16727 16757 17656
18558 18587 18588
17715 18614 18644
14930 14960 15859
14089 14118 15018
17687 18557 18586
15801 16700 16701
14992 15892 15921
13160 14030 14060
15020 15919 15949
16761 16762 17661
15019 15048 15948
17748 17749 17778
13071 13100 13970
13040 13070 13969
13072 13101 14001
13042 13941 13942
15922 16792 16822
13971 14000 14001
17660 18559 18589
17598 17627 17628
15950 15979 16879
17658 17688 18558
17717 17718 17747
14902 15801 15802
16845 17744 17745
13159 14029 14059
18586 18587 18616
17658 18557 18587
14956 15826 15856
15016 15045 15945
16820 17719 17749
14928 15798 15827
14932 14961 15831
14989 15018 15918
15951 15980 16850
13041 13070 13071
15020 15049 15919
14962 14992 15862
16845 17715 17744
12140 12170 13040
14056 14955 14985
15891 15920 16790
14990 15889 15919
17750 18620 18649
15917 15946 16846
14869 15768 15798
15862 16761 16762
15918 16788 16817
13939 14809 14839
13041 13070 13940
14031 14061 14960
17657 17658 18557
14088 14987 15017
13041 13071 13970
18590 18619 18620
17720 17750 18649
17717 18616 18646
15886 15916 16786
15948 16847 16877
16701 16731 17630
13909 13939 14809
15891 15920 15921
14872 14902 15801
17657 17687 18586
12141 12171 13041
16850 17749 17779
15888 16787 16788
14989 15018 15888
13130 13159 14059
16668 16697 16698
16727 17626 17656
14091 14120 15020
17685 17715 18614
14089 14118 14988
15798 15827 16727
14000 14001 14030
14929 14959 15829
17629 17630 17659
14926 14956 15855
17716 17717 17746
15021 15050 15950
13099 13969 13999
13972 14002 14872
13971 14001 14900
13101 13131 14001
14030 14059 14929
14898 15768 15797
16814 17684 17714
16814 16844 17743
15019 15918 15948
14086 14115 14985
14090 14119 15019
16731 17630 17660
16849 16879 17778
14931 14960 15830
14926 15825 15855
14061 14091 14990
14960 15830 15859
14900 14929 15799
15947 16846 16876
16848 16878 17777
15892 15922 16821
15887 16757 16787
13041 13071 13941
13070 13099 13969
17661 18560 18590
15857 15886 15887
15771 16670 16700
16785 16815 17714
16700 17599 17629
15825 15855 16725
17629 17658 17659
17688 18558 18587
14962 15861 15891
17746 18616 18645
15921 16791 16821
17685 18555 18584
13072 13972 14001
15016 15045 15915
15916 16815 16845
14119 14989 15019
16847 16877 17776
17657 17687 18557
14841 14842 15741
17744 17745 17774
15828 15829 15858
14091 14991 15020
14992 15021 15891
16848 17747 17748
15048 15918 15948
14002 14032 14902
15922 15951 16821
13131 13160 14060
14002 14872 14902
16849 17748 17778
15827 16697 16726
14839 14868 15738
13972 14871 14901
17718 17748 18618
18559 18588 18589
15946 16845 16875
15945 16815 16845
14989 15888 15918
15920 15949 16849
15859 15888 16758
14961 14991 15861
14991 15021 15891
17716 18615 18645
14962 14992 15891
15828 15857 16727
17656 18555 18585
17661 17691 18590
15946 15975 16875
14032 14061 14961
16786 16787 16816
15709 15738 15739
17719 17720 18619
13039 13069 13939
13942 13972 14842
15857 15858 15887
14987 15886 15916
16784 16814 17713
13941 13942 14841
18587 18616 18617
13010 13909 13910
16850 17720 17750
17659 17689 18588
15767 15768 15797
14956 14986 15885
13130 13159 14029
14002 14032 14931
14091 14120 14990
15017 15046 15946
16819 16820 17719
17718 17719 17748
17628 17629 17658
16819 16849 17719
16762 16792 17691
15798 15828 16698
17686 18556 18585
18586 18615 18616
14929 15828 15829
13071 13101 14000
15858 15859 15888
14090 14119 14989
13039 13040 13939
16846 16876 17746
17716 17746 18616
16726 17625 17655
13040 13041 13940
14962 15832 15862
16816 16846 17716
15802 15832 16731
16699 16700 17599
14990 15019 15919
13010 13040 13939
15888 16788 16817
12170 13069 13099
15019 15889 15919
15917 16787 16816
15891 15921 16820
14926 15825 15826
15888 15918 16788
16727 16728 17627
15856 16726 16756
17659 17689 18559
17660 17690 18560
15949 15978 16878
14091 14961 14991
16818 16848 17718
16820 16850 17749
17628 17657 17658
15827 16727 16756
15856 15886 16756
18615 18616 18645
14842 14872 15771
16728 17598 17627
17658 17659 18558
14032 14902 14932
15890 15920 16819
14032 14932 14961
15920 16819 16849
14955 14985 15855
13972 14002 14901
15921 15950 16820
15801 15802 16701
13970 14869 14870
15919 15948 16848
14810 14840 15739
15741 16640 16670
13131 13160 14030
14929 15799 15829
16700 16730 17600
16848 17718 17747
14031 14060 14930
15949 16819 16849
14839 15739 15768
16816 16846 17745
14899 14929 15828
17747 17748 17777
14959 15829 15858
15855 15885 16755
15740 15741 16640
15769 16639 16668
14001 14871 14901
15976 16846 16876
17716 17717 18616
17627 17628 17657
15015 15885 15915
16786 16815 16816
15949 16848 16878
13972 14842 14872
16850 17749 17750
12140 12170 13069
17690 18560 18589
15946 15975 16845
16670 16699 16700
16814 17713 17743
16701 17600 17630
13072 13101 13971
16726 16756 17626
16818 16848 17747
17654 17683 17684
13972 14001 14871
15018 15917 15947
12171 13041 13071
15977 16847 16877
15949 15978 16848
14001 14030 14031
12141 13040 13070
16787 16788 16817
16731 16761 17660
15889 15919 16789
16815 16845 17715
15739 15740 16639
14868 15767 15797
13970 14000 14899
16639 16668 16669
14118 14988 15018
15049 15919 15949
15975 16845 16875
16816 17715 17745
17719 18618 18648
14842 15741 15771
15857 15886 16786
15887 15917 16787
14930 15829 15859
13910 14809 14810
15947 16817 16847
18619 18620 18649
18555 18584 18585
15917 16816 16846
14809 14810 15709
14956 14986 15856
16785 17684 17714
16847 17746 17747
14931 14960 14961
18588 18589 18618
16817 16818 17717
16819 17718 17748
17660 17661 18560
14986 15885 15915
17685 18584 18614
14868 14898 15768
14955 14956 15855
15886 16786 16815
14031 14901 14931
17600 17629 17630
15921 15950 16850
16847 17717 17746
13941 14811 14841
15950 15979 16849
16784 17654 17683
15798 16668 16697
18614 18615 18644
16785 17655 17684
14986 15015 15915
14030 14031 14060
17683 17684 17713
16816 16817 17716
14811 15710 15740
16725 16755 17625
17715 17745 18615
15740 16639 16669
16669 16698 16699
16846 17745 17775
15922 16822 16851
15886 15916 16815
16880 17750 17779
15857 16727 16756
17630 17659 17660
17684 17685 17714
18585 18614 18615
17655 17684 17685
18618 18619 18648
14961 14990 14991
17656 17686 18556
17718 17748 18647
17748 18618 18647
13971 14000 14870
13070 13969 13999
13101 13131 14030
15860 15889 15890
15050 15920 15950
15858 16757 16787
15888 16758 16788
12199 13069 13099
15889 16788 16789
15825 15826 16725
12171 13071 13100
15890 16789 16819
15885 16755 16785
16784 17683 17713
17716 17746 18645
14810 15709 15739
17719 17720 17749
15919 16789 16818
18589 18590 18619
16844 17714 17743
14898 15797 15827
13070 13940 13970
14961 15831 15861
14870 14899 14900
16792 16822 17721
15016 15886 15916
18587 18588 18617
15018 15047 15947
