12140 12170 13069
12140 13039 13069
12141 12171 13070
12141 13040 13070
12170 12199 13069
12170 13040 13070
12170 13069 13070
12170 13069 13099
12171 12200 13070
12199 13069 13099
12200 13070 13100
13010 13040 13939
13010 13909 13939
13011 13041 13940
13011 13910 13940
13039 13040 13939
13039 13069 13939
13040 13041 13940
13040 13069 13070
13040 13069 13939
13040 13070 13969
13040 13910 13940
13040 13939 13969
13041 13070 13071
13041 13070 13940
13041 13071 13970
13041 13940 13970
13042 13072 13971
13042 13941 13971
13070 13071 13100
13070 13099 13969
13070 13099 13999
13070 13940 13970
13070 13969 13970
13070 13969 13999
13071 13100 13970
13071 13100 14000
13071 13101 13971
13071 13101 14000
13071 13941 13971
13072 13101 13971
13072 13101 14001
13072 13972 14001
13099 13969 13999
13100 13970 14000
13101 13131 14001
13101 13131 14030
13101 14000 14030
13131 13160 14030
13131 14001 14031
13160 14030 14060
13909 13939 14809
13939 13969 14839
13939 14809 14839
13969 13970 14869
13969 14839 14869
13970 14000 14899
13970 14869 14870
13970 14870 14899
13971 14000 14001
13971 14000 14870
13971 14001 14900
13971 14870 14900
13972 14001 14871
13972 14002 14901
13972 14871 14901
14000 14001 14030
14000 14870 14899
14001 14030 14031
14001 14031 14901
14001 14031 14930
14001 14871 14901
14001 14900 14930
14002 14032 14931
14002 14901 14931
14030 14031 14060
14030 14059 14929
14030 14059 14959
14030 14929 14959
14031 14060 14930
14031 14060 14960
14031 14061 14931
14031 14061 14960
14031 14901 14931
14032 14061 14931
14032 14061 14961
14032 14932 14961
14056 14086 14956
14056 14086 14985
14056 14955 14956
14056 14955 14985
14059 14929 14959
14060 14930 14960
14061 14091 14961
14061 14091 14990
14061 14960 14990
14086 14115 14985
14086 14956 14986
14086 14985 14986
14086 14985 15015
14091 14120 14990
14091 14961 14991
14115 14985 15015
14120 14990 15020
14809 14839 15709
14810 14840 15710
14810 14840 15739
14839 14868 15738
14839 14868 15768
14839 14869 15739
14839 15709 15738
14839 15739 15768
14840 15710 15739
14868 14898 15768
14868 14898 15797
14868 15738 15767
14868 15767 15797
14869 14870 14899
14869 14899 15798
14869 15739 15768
14869 15768 15798
14870 14899 14900
14872 14902 15801
14872 15771 15801
14898 14928 15798
14898 14928 15827
14898 15768 15797
14898 15797 15798
14898 15797 15827
14899 14900 14929
14899 14929 15828
14899 15798 15828
14900 14929 15799
14900 14930 15829
14900 15799 15829
14902 15801 15802
14926 14956 15826
14926 14956 15855
14926 15825 15855
14928 15798 15827
14929 14959 15829
14929 14959 15858
14929 15799 15829
14929 15828 15829
14929 15829 15858
14930 14960 15859
14930 15829 15859
14931 14960 14961
14931 14960 15830
14931 14961 15860
14931 15830 15860
14932 14961 15831
14932 14962 15861
14932 15831 15861
14955 14956 15855
14955 14985 15855
14956 14985 14986
14956 14985 15855
14956 14986 15856
14956 14986 15885
14956 15826 15856
14956 15855 15885
14959 15829 15858
14960 14961 14990
14960 15830 15859
14961 14990 14991
14961 14991 15861
14961 14991 15890
14961 15831 15861
14961 15860 15890
14962 14992 15891
14962 15861 15891
14986 15015 15885
14986 15015 15915
14986 15856 15886
14986 15885 15886
14986 15885 15915
14987 15016 15886
14987 15016 15916
14987 15886 15916
14988 15017 15887
14988 15017 15917
14988 15887 15917
14989 15018 15888
14989 15018 15918
14989 15888 15918
14990 14991 15020
14990 15019 15889
14990 15019 15919
14990 15889 15919
14991 15020 15890
14991 15020 15920
14991 15021 15891
14991 15021 15920
14991 15861 15891
14992 15021 15891
14992 15021 15921
14992 15892 15921
15015 15885 15915
15016 15886 15916
15017 15887 15917
15018 15888 15918
15019 15889 15919
15020 15890 15920
15021 15050 15920
15021 15921 15950
15050 15920 15950
15739 15768 15769
15739 15769 16639
15740 15770 16640
15740 15770 16669
15768 15769 15798
15769 15798 15799
15769 15798 16668
15769 15798 16698
15769 15799 16669
15769 16639 16668
15769 16669 16698
15770 15800 16670
15770 15800 16699
15770 16640 16669
15770 16670 16699
15771 15801 16700
15797 15798 16697
15797 15827 16697
15798 15799 16698
15798 15827 16727
15798 15828 16698
15798 16668 16697
15798 16698 16727
15799 15829 16699
15799 15829 16728
15799 16669 16698
15799 16699 16728
15800 16670 16699
15801 15802 16701
15801 16700 16701
15825 15855 16725
15826 15856 16726
15827 16697 16726
15827 16726 16756
15827 16727 16756
15828 15829 15858
15828 15857 15858
15828 15857 16727
15828 16698 16727
15829 15858 15859
15829 16699 16728
15830 15859 15860
15832 15862 16761
15832 16731 16761
15855 15885 16755
15855 16725 16755
15856 15886 16756
15856 16726 16756
15857 15858 15887
15857 15886 15887
15857 15886 16786
15857 16727 16756
15857 16756 16786
15858 15859 15888
15858 15887 16757
15858 15888 16787
15858 16757 16787
15859 15860 15889
15859 15888 16758
15859 15889 16788
15859 16758 16788
15860 15889 15890
15860 15889 16759
15860 15889 16789
15860 16759 16789
15862 16761 16762
15885 15886 16785
15885 16755 16785
15886 15887 16786
15886 15916 16786
15886 15916 16815
15886 16756 16786
15886 16785 16786
15886 16786 16815
15887 15917 16787
15887 15917 16816
15887 16757 16787
15887 16786 16787
15887 16787 16816
15888 15918 16788
15888 15918 16817
15888 16758 16788
15888 16787 16788
15888 16788 16817
15889 15890 16789
15889 15919 16789
15889 15919 16818
15889 16759 16789
15889 16788 16789
15889 16789 16818
15890 15920 16819
15890 16789 16819
15891 15920 15921
15891 15920 16790
15891 15921 16820
15891 16790 16820
15892 15921 16791
15892 15922 16821
15892 16791 16821
15916 15945 16815
15916 15945 16845
15916 16786 16815
15916 16815 16845
15917 15946 16816
15917 15946 16846
15917 16787 16816
15917 16816 16846
15918 15947 16817
15918 15947 16847
15918 16788 16817
15918 16817 16847
15919 15948 16818
15919 15948 16848
15919 16789 16818
15919 16818 16848
15920 15921 15950
15920 15949 16819
15920 15949 16849
15920 16790 16819
15920 16819 16849
15921 15950 16820
15921 15950 16850
15921 16791 16821
15921 16821 16850
15922 15951 16821
15945 16815 16845
15946 15975 16845
15946 16816 16846
15946 16845 16875
15947 15976 16846
15947 16817 16847
15947 16846 16876
15948 15977 16847
15948 16818 16848
15948 16847 16877
15949 15978 16848
15949 16819 16849
15949 16848 16878
15950 15979 16849
15950 16820 16850
15950 16849 16879
15951 15980 16850
15951 16821 16850
15975 16845 16875
15976 16846 16876
15977 16847 16877
15978 16848 16878
15979 16849 16879
15980 16850 16880
16697 16698 16727
16697 16726 16727
16698 16727 16728
16698 16728 17598
16699 16729 17599
16699 16729 17628
16700 16730 17600
16700 16730 17629
16725 16755 17625
16726 16727 17626
16726 16756 17626
16726 16756 17655
16727 16728 17627
16727 16757 17627
16727 16757 17656
16727 17626 17656
16728 16758 17628
16728 16758 17657
16728 17598 17627
16728 17628 17657
16729 16759 17629
16729 16759 17658
16729 17599 17628
16729 17629 17658
16730 16760 17630
16730 16760 17659
16730 17600 17629
16730 17630 17659
16731 16761 17660
16755 16784 17654
16755 16784 17684
16755 16785 17655
16755 17625 17654
16755 17655 17684
16756 16786 17656
16756 16786 17685
16756 17626 17655
16756 17656 17685
16757 16787 17657
16757 16787 17686
16757 17627 17656
16757 17657 17686
16758 16788 17658
16758 16788 17687
16758 17628 17657
16758 17658 17687
16759 16789 17659
16759 16789 17688
16759 17629 17658
16759 17659 17688
16760 17630 17659
16761 16762 17661
16761 17660 17661
16784 16814 17684
16784 16814 17713
16784 17654 17683
16784 17683 17713
16785 16786 16815
16785 16815 17714
16785 17655 17684
16785 17684 17714
16786 16787 16816
16786 16815 16816
16786 17656 17685
16787 16788 16817
16787 16816 16817
16787 17657 17686
16788 16789 16818
16788 16817 16818
16788 17658 17687
16789 16818 16819
16789 17659 17688
16790 16819 16820
16814 16844 17714
16814 16844 17743
16814 17684 17714
16814 17713 17743
16815 16816 17715
16815 16845 17715
16815 16845 17744
16815 17714 17744
16816 16817 17716
16816 16846 17716
16816 16846 17745
16816 17715 17745
16817 16818 17717
16817 16847 17717
16817 16847 17746
16817 17716 17746
16818 16819 17718
16818 16848 17718
16818 16848 17747
16818 17717 17747
16819 16820 17719
16819 16849 17719
16819 16849 17748
16819 17718 17748
16820 16850 17749
16820 17719 17749
16845 16875 17745
16845 16875 17774
16845 17715 17744
16845 17744 17745
16845 17744 17774
16846 16876 17746
16846 16876 17775
16846 17716 17745
16846 17745 17746
16846 17745 17775
16847 16877 17747
16847 16877 17776
16847 17717 17746
16847 17746 17747
16847 17746 17776
16848 16878 17748
16848 16878 17777
16848 17718 17747
16848 17747 17748
16848 17747 17777
16849 16879 17749
16849 16879 17778
16849 17719 17748
16849 17748 17749
16849 17748 17778
16850 16880 17779
16850 17720 17749
16850 17720 17750
16850 17749 17750
16850 17749 17779
17655 17684 17685
17655 17685 18555
17656 17686 18556
17656 17686 18585
17657 17687 18557
17657 17687 18586
17658 17688 18558
17658 17688 18587
17659 17689 18559
17659 17689 18588
17660 17690 18560
17660 17690 18589
17684 17685 17714
17685 17714 17715
17685 17715 18614
17685 18555 18584
17685 18584 18614
17686 18556 18585
17687 18557 18586
17688 18558 18587
17689 18559 18588
17690 18560 18589
17714 17715 17744
17715 17716 17745
17715 17716 18615
17715 17745 18615
17715 17745 18644
17715 18614 18644
17716 17717 17746
17716 17717 18616
17716 17746 18616
17716 17746 18645
17716 18615 18645
17717 17718 17747
17717 17718 18617
17717 17747 18617
17717 17747 18646
17717 18616 18646
17718 17719 17748
17718 17719 18618
17718 17748 18618
17718 17748 18647
17718 18617 18647
17719 17720 17749
17719 17720 18619
17719 17749 18619
17719 17749 18648
17719 18618 18648
17720 17750 18649
17720 18619 18649
13159 14029 14059
13130 13159 14029
13130 14029 14059
14087 14116 14986
14087 14986 15016
14116 14986 15016
14117 14987 15017
14088 14117 14987
14088 14987 15017
14089 14118 14988
14089 14988 15018
14118 14988 15018
14090 14119 14989
14090 14989 15019
14119 14989 15019
14840 14870 15769
14840 14870 15740
14870 15740 15769
15045 15915 15945
15016 15045 15915
15016 15915 15945
15017 15916 15946
15046 15916 15946
15017 15046 15916
15018 15047 15917
15018 15917 15947
15047 15917 15947
15019 15918 15948
15048 15918 15948
15019 15048 15918
15020 15919 15949
15020 15049 15919
15049 15919 15949
15830 16700 16729
15800 15830 16700
15800 15830 16729
16760 16790 17660
16760 16790 17689
16790 17660 17689
