16730 16760 15831 
14926 14056 14955 
14026 14056 14955 
14026 14926 14056 
16670 15741 15771 
15077 15047 14148 
15827 15798 15828 
15801 16730 15831 
14928 14957 15857 
15827 14928 14957 
16817 15917 15947 
16846 15917 15947 
16846 16817 15947 
14988 14987 15017 
15856 15886 16785 
16668 16669 16698 
15891 15921 14992 
14990 14091 15020 
13941 14841 14811 
14929 14899 14900 
14842 14841 13942 
15919 15020 15949 
15919 15920 15949 
13216 14145 14115 
13245 14145 14115 
13245 13216 14115 
13245 13216 14145 
15948 15978 15949 
13941 14870 14840 
16819 16820 16790 
14085 14055 13156 
15918 15948 15919 
16818 15918 15919 
16818 15918 15948 
16728 15858 15829 
14872 14842 15771 
14870 13971 14900 
15798 15769 15768 
15919 15949 16848 
16670 16640 15741 
14031 14061 14931 
14031 14061 14960 
14957 14956 14927 
14957 15856 14927 
15914 15884 15014 
15913 15914 15884 
15738 15768 15739 
15915 15916 15945 
15016 15915 15945 
15943 15913 15014 
15943 15914 15913 
15884 14955 15855 
15884 15854 15855 
16820 15950 16849 
16758 16757 16787 
14086 14056 14956 
14086 14985 14056 
14150 14120 14121 
14150 15020 14121 
15739 15768 14839 
13071 13971 13941 
15921 14992 15022 
14872 14002 14902 
13101 13131 14030 
13101 14001 13131 
16698 15799 15769 
14902 14932 15831 
14001 13101 13971 
14900 14930 14001 
16639 15769 15739 
16639 16668 15769 
14869 13970 13999 
14871 14901 13972 
14839 15768 14868 
15891 14992 14962 
16640 16670 16669 
14842 15741 15771 
14842 15741 14841 
14809 14839 13939 
14840 14839 13940 
15738 14839 14868 
14032 14931 14002 
13969 13939 14839 
14809 14810 13910 
14956 14027 14926 
15828 14928 15857 
15827 15828 15857 
14984 15883 15854 
16756 16785 16786 
16756 15886 16785 
15050 14150 14121 
15050 15020 14150 
15854 15883 15884 
14147 13247 13218 
15913 15884 15883 
15014 15914 15044 
15913 14984 15883 
15943 15044 15014 
15943 15044 15914 
15885 15856 14986 
14956 15856 14986 
14956 15885 14986 
14956 15885 15856 
15014 15884 14984 
15913 15014 14984 
16816 16815 16845 
15945 15046 15975 
15884 15885 15855 
15797 15827 14898 
15916 15946 15017 
15917 15916 15946 
13157 14056 14057 
16815 16785 16786 
16669 16699 16698 
15857 15856 15827 
15857 16756 15856 
15019 15049 14149 
16728 16699 16729 
15976 15947 15077 
15945 15946 15975 
15915 15045 15944 
15015 15045 15944 
15015 15915 15045 
16844 16815 15945 
15915 16815 15945 
15915 16844 15945 
13247 13218 14117 
14987 14957 15886 
15047 15017 14147 
16786 16816 16787 
14926 14956 15826 
15855 14956 15826 
15855 14926 14956 
14087 14957 14057 
16847 16818 15948 
15918 16847 15948 
13070 13099 13069 
12170 13070 13099 
14146 13246 13217 
14116 14146 13217 
14116 13246 13217 
14116 13246 14146 
15079 15049 14179 
13971 14871 14001 
16819 15920 16849 
16819 16820 16849 
13249 14149 13220 
14119 14149 13220 
14119 13249 13220 
14119 13249 14149 
16759 16758 16788 
15078 15048 14149 
14810 13910 13940 
14839 14810 13940 
13070 13099 13969 
13131 14030 14060 
14957 15856 15827 
14839 15709 14809 
14839 15709 15738 
15854 14984 14955 
15884 14984 14955 
15887 16786 15857 
15046 15946 15076 
14027 14057 14927 
16789 16819 16790 
16756 16786 15857 
16789 16819 16818 
14955 14056 14956 
14985 14955 14056 
14056 14055 13156 
14056 14055 14085 
15856 16755 16785 
13219 14118 14148 
16788 16817 16818 
14898 14868 15797 
14060 14030 14031 
16787 16757 16786 
15045 14146 15075 
15080 14151 15051 
14086 14057 13187 
14990 14989 15019 
14122 15022 15051 
15827 15798 14928 
15827 15798 14898 
16730 16760 16759 
13069 12199 13099 
15918 15019 15948 
14122 15021 14151 
14930 14959 14960 
14122 15051 14151 
14956 14086 14986 
14956 14057 14986 
14958 14988 14987 
15048 14148 15018 
14119 14148 15018 
14119 15048 15018 
14119 15048 14148 
13161 13191 14090 
14989 15018 14988 
12170 12199 13069 
12170 13099 12199 
15768 15798 14898 
15768 15797 15798 
14061 14091 13191 
15861 14932 14962 
13999 13099 13969 
15831 15801 14902 
14839 14869 13969 
14120 14149 15019 
14061 14060 14090 
14901 14031 14001 
14931 14031 14901 
14002 14931 14901 
15080 14180 14151 
14962 14932 14062 
15080 14180 15050 
14120 13250 13221 
14150 13250 13221 
14150 14120 13250 
15949 15050 15979 
15949 15950 15979 
15949 15950 15050 
15921 15022 15051 
15049 15079 14150 
15018 15019 14989 
15018 15019 15918 
13221 13191 14120 
14120 13191 14090 
14061 13191 13161 
15048 15078 15948 
15018 15048 15918 
16759 16789 16760 
15075 15945 15974 
16757 15858 15887 
15046 14146 14117 
16819 15949 16848 
16819 15949 15919 
14151 14180 15050 
15077 15047 15947 
15916 15946 16845 
14987 14958 15857 
14146 14175 15075 
15045 14175 15075 
15045 14146 14175 
15916 16845 16815 
15015 14986 15016 
15944 15045 15974 
15944 15945 15974 
15045 15944 15945 
14956 14957 14057 
14927 14956 14057 
14176 15076 14147 
15046 15076 14147 
15046 14176 14147 
15046 14176 15076 
16790 16760 16789 
13970 13971 14000 
15049 15019 15948 
15919 15049 15948 
15919 15049 15019 
14841 15740 14811 
13969 14869 13999 
15828 15858 15829 
16700 16729 16730 
14989 14960 14959 
16728 15858 16757 
16728 16758 16757 
15921 15891 16820 
15050 15949 15920 
15020 15050 15949 
14871 14841 13942 
16729 16758 16759 
13161 13131 14031 
13161 14060 13131 
13971 14001 14000 
13971 14900 14001 
15861 16760 15831 
14961 14062 14032 
14989 14960 14990 
15799 15798 15828 
15919 15920 16819 
15079 15978 15949 
15049 15079 15949 
15049 15079 15978 
16818 16819 16848 
15949 15049 15948 
16817 16818 16847 
15768 14869 15798 
15917 16817 15918 
15917 15017 15047 
15946 15017 15047 
15946 15917 15047 
14117 14147 13247 
15976 15047 15077 
15077 14177 15047 
15858 15828 15857 
15947 15917 15918 
15740 15741 16640 
15770 15740 16640 
16789 16759 16788 
15918 16847 16817 
15917 16816 15916 
16818 15919 16848 
14149 15048 14178 
15078 15048 14178 
15078 14149 14178 
15856 14927 15826 
15914 15915 15944 
15015 15914 15944 
15017 14118 15047 
15048 15947 15977 
15886 14957 15857 
16817 16816 16846 
16844 16814 15915 
15947 15948 15977 
15947 15948 15048 
14955 14985 15855 
15884 14985 15855 
14057 14087 14986 
16817 16787 16816 
14087 14987 14957 
15915 15015 15016 
13186 13156 14056 
13186 14085 14056 
13186 14085 13156 
15855 15856 16755 
15885 15855 16755 
14988 14958 14959 
14990 14061 14960 
16815 16816 16786 
14986 14987 15016 
14986 14987 14087 
14869 14899 15798 
15828 15798 14928 
16786 16757 15887 
15915 15916 16815 
14927 14027 14926 
15885 15915 16814 
14060 14031 14061 
13161 14031 14061 
15945 15946 15046 
14958 15857 15828 
16784 16814 16785 
16784 15885 16814 
15797 15798 15827 
14987 15017 15016 
14899 15798 15828 
14117 14147 13218 
14026 14955 14925 
14026 14926 14925 
16698 16699 16728 
13939 13010 13040 
14086 14985 14986 
15855 15856 15826 
14925 14955 15825 
15854 14955 15825 
14925 14926 15825 
15858 15857 15887 
15947 15018 15048 
15045 15075 15974 
15826 14926 14927 
15769 15798 15799 
15885 15914 15915 
15946 15076 15975 
15046 15076 15975 
14086 13157 13187 
16670 16669 16699 
14985 14986 15015 
14926 14955 14956 
16844 16814 16815 
14056 13157 14086 
15046 15016 15945 
15825 14926 15855 
15885 16784 16755 
14116 14145 15015 
16815 16814 16785 
15078 15048 15977 
15914 14985 15884 
15914 15015 14985 
15884 15914 15885 
16755 16784 16785 
15856 15886 16756 
15046 15916 15945 
15046 15016 15916 
15854 15825 15855 
15946 16816 16845 
14146 15046 15016 
14956 14057 14027 
15976 15946 15047 
15045 15945 15075 
14145 15015 15045 
14057 13187 13157 
15015 14116 15045 
14116 14145 15045 
15916 16816 15946 
15917 16816 16846 
14117 15016 15046 
15016 14146 14117 
14000 14030 13101 
16788 16787 16817 
15976 15946 15947 
15946 15047 15947 
15916 15017 15016 
16788 16787 16758 
14091 14121 15020 
14120 14091 14121 
15020 15019 15919 
16789 16818 16788 
15050 14151 15021 
14987 15886 15857 
15947 15917 15018 
15768 14898 14868 
15917 15017 15018 
15950 15920 16849 
15018 15017 14988 
14056 14057 14086 
14118 13219 13248 
14147 15017 14118 
14147 15047 14118 
14031 14930 14960 
15077 14148 14177 
15050 15080 15979 
16820 15891 16790 
15050 15021 14121 
15049 15978 15948 
15078 15948 15977 
14091 14991 14121 
14988 14989 14959 
16728 16758 16729 
13161 14060 14090 
15947 15918 15048 
14902 15801 14872 
14091 14121 13221 
13191 14091 13221 
14090 14091 14120 
14929 14930 14900 
14990 15020 15019 
15079 14179 14150 
15049 14120 15019 
15950 15080 15979 
14148 15047 14177 
14959 14929 14958 
14929 14959 14930 
13248 14148 14118 
13219 14148 13248 
14120 15049 14149 
14150 15049 14179 
15050 15920 15950 
14150 14121 13221 
15051 15921 15950 
15950 15051 15080 
14961 14061 14091 
14990 14061 14091 
14991 14961 14091 
14091 14061 14090 
14871 14901 14001 
15950 16820 15921 
14122 14092 15021 
14032 14062 14932 
14002 14872 13972 
14958 14929 15828 
15891 16790 15861 
14121 14991 15021 
15801 16700 16730 
14932 15831 15861 
14062 14961 14991 
13071 14000 13970 
16700 15771 16670 
14000 14001 14030 
15861 16790 16760 
16668 16698 15769 
16729 16730 16759 
13971 13101 13071 
16670 16699 16700 
14931 14061 14961 
14961 14032 14931 
14810 14839 14840 
14841 15741 15740 
13970 13940 13070 
14842 14872 13972 
16700 15801 15771 
14899 14900 14870 
14001 14031 14030 
14001 14930 14031 
16700 16699 16729 
16639 16668 16669 
14840 15769 15740 
16698 15799 16728 
15828 14899 14929 
15829 16728 15799 
15828 15829 15799 
13070 13999 13970 
13070 13099 13999 
13101 14000 13071 
14840 15769 14870 
15771 14872 15801 
14899 14870 14869 
14869 14870 13970 
14001 13131 14031 
14871 13972 13942 
14842 13972 13942 
14002 14901 13972 
14032 14902 14002 
14032 14932 14902 
15891 14962 15861 
14991 14092 14062 
14962 14092 14062 
14991 14092 15021 
14122 14992 15022 
16639 15740 16669 
14122 14092 14992 
14992 14962 14092 
13971 14871 14841 
14810 15710 14840 
14810 15710 14811 
13911 14810 14811 
13970 13971 13941 
13971 14841 13941 
13909 14809 13939 
13909 14809 13910 
14810 15739 15709 
13941 14811 13911 
14840 14810 13911 
14870 13941 13971 
13941 14840 13911 
13941 14840 13940 
13970 14840 13941 
13970 14870 14840 
14810 15709 14809 
15739 16639 15740 
15710 15739 15740 
15739 15710 14840 
14810 15739 14840 
14839 15739 14869 
15768 15739 14869 
15770 16640 16669 
15739 15769 15768 
15740 15769 14870 
14840 15740 14870 
14811 15710 15740 
15740 16669 15770 
15738 15739 15709 
13039 12140 13069 
13039 13040 13069 
13039 13040 12140 
14868 15767 15797 
15738 14868 15767 
15738 15768 15767 
13940 13070 13040 
15768 15767 15797 
13010 13909 13910 
13970 13041 13071 
13910 13010 13040 
13940 13041 13941 
13970 13940 13041 
13071 13941 13041 
13969 13040 13070 
13069 13040 13070 
13910 13940 13040 
13040 12170 12140 
12140 12170 13069 
13040 13070 12170 
13040 13969 13939 
13909 13010 13939 
