17503 16574 17474 
12076 11177 11206 
18432 18433 18462 
18434 18433 18404 
18492 17563 18462 
12944 13843 13844 
17622 16723 17652 
17622 17623 17652 
17475 18404 18374 
16573 17473 16574 
17565 17595 18494 
12138 12137 11238 
12167 12138 12137 
17503 17473 17474 
13873 14773 13903 
13873 14773 13874 
16603 16632 16602 
15703 16632 16602 
18433 18463 18462 
17477 17506 16577 
16607 17506 16577 
16607 17477 16577 
16607 17477 17506 
11296 10367 11266 
15764 16693 15794 
12974 13873 13874 
14773 14774 13874 
16602 15732 16631 
15702 15732 16631 
15702 16602 15732 
15702 16631 16601 
18554 17684 17654 
17655 17684 17654 
19396 19366 19395 
15703 16632 15733 
15733 14804 14833 
15703 14804 14833 
15702 16572 16601 
15792 14893 14892 
15792 14922 14892 
18524 18554 18553 
18524 18554 17654 
16724 16754 17653 
13963 14863 13993 
14053 14054 14953 
11383 12283 12253 
17502 17532 17531 
16632 17502 17531 
16632 17502 17532 
15852 15882 16781 
17506 18405 17476 
17684 17654 18583 
16751 16752 15852 
17593 17563 18492 
18463 17593 17563 
17653 18552 18523 
17591 17562 17561 
17591 16662 17561 
16603 17473 17502 
17503 17473 17502 
16781 15882 16752 
16722 17651 16752 
16782 16812 15883 
17684 17713 17683 
17654 17683 17653 
18552 18522 17623 
16753 16783 17682 
16727 15798 15828 
15852 15882 16752 
14923 14953 14053 
16665 16635 16664 
17534 17564 17563 
17564 17594 18493 
17593 17564 17594 
11353 11324 12253 
12074 12973 12044 
14118 15018 14089 
14988 14118 15018 
14745 15674 14774 
12225 12254 13124 
12225 12254 12224 
15821 15792 15791 
15821 14892 15791 
18522 18492 18493 
17593 18522 18492 
11296 12196 12225 
11326 12196 12225 
11326 11296 12225 
16724 15825 16754 
16724 16725 16754 
16667 16697 16696 
12225 12255 13154 
13905 13006 13906 
11355 12284 11384 
16754 17683 17653 
12140 12110 11240 
18557 18528 18527 
14988 14987 15017 
12224 13124 13094 
11387 10458 10487 
13036 13965 13066 
13936 13965 13066 
13936 13036 13066 
13936 13036 13965 
11299 10429 10399 
18528 17599 18498 
12076 11177 11176 
11147 12076 11177 
14928 14058 14028 
13098 13997 14027 
15821 14922 15792 
15821 14892 14922 
12283 11383 11354 
14779 13879 13880 
15770 14871 14841 
12200 11330 12230 
13160 12260 13189 
13128 12258 13157 
13128 13158 13157 
12229 11300 11330 
13156 13127 12257 
12230 12200 13100 
11327 10398 10427 
11209 11238 11239 
12138 11209 11239 
13065 13935 13965 
14891 15790 14861 
13100 13970 13070 
12228 13157 12257 
11358 11387 12257 
11358 11387 11357 
12105 12134 13004 
12104 12105 13004 
12199 12169 11299 
12199 11270 12169 
11295 10396 11325 
13937 13966 13067 
14089 13160 14060 
15017 15887 15916 
17563 17533 18462 
19336 19366 18437 
16666 16637 15737 
16666 16637 16636 
13216 14145 14115 
13245 14145 14115 
13245 13216 14115 
13245 13216 14145 
13218 12289 13189 
16782 16753 15883 
16782 16783 15883 
13941 14840 14841 
17624 17623 17594 
17624 18523 17594 
18585 18555 17656 
18585 18556 18555 
14055 14955 14954 
17593 17622 17592 
13849 13848 12949 
16579 16609 15680 
18436 18437 18407 
16606 16635 16605 
12195 12224 13124 
12195 12225 12224 
17686 17657 17656 
17686 16757 17656 
17625 17624 17654 
18524 17624 17654 
18554 17684 18583 
17626 18525 18496 
17626 18525 17596 
16784 17683 17654 
16754 16784 17654 
16754 16784 17683 
14028 13128 13998 
13099 14028 13998 
15887 15886 14987 
13188 12288 13158 
16724 15854 16754 
14868 13998 13968 
13969 13998 13968 
12285 11356 11385 
17658 18528 17629 
12227 12257 13156 
12227 13127 13156 
13068 13038 12168 
11328 11299 11298 
12225 13154 13124 
16668 15798 15768 
14989 14960 15889 
15823 14953 15853 
17508 18437 17538 
18408 18437 17538 
18408 17508 17538 
16695 17595 17565 
11296 12166 11266 
14749 15648 14748 
14747 15646 14717 
14957 15856 14927 
12139 12169 11269 
11240 12139 12169 
16727 16726 16697 
15913 15884 15014 
16665 16636 17565 
16666 16665 16636 
13124 14053 13154 
17685 17715 17686 
17685 16786 17686 
17685 16786 17715 
15915 15916 15945 
15016 15915 15945 
15016 15915 15916 
12230 12260 13159 
11387 12257 12287 
14054 14055 14954 
15854 14955 15855 
12079 12949 12049 
15918 15888 15018 
15858 16757 16787 
17569 18498 17599 
16756 17656 16757 
11358 12228 12257 
11328 10399 11298 
13938 13038 13908 
17596 16726 17626 
17625 16726 17626 
13071 13971 13941 
16817 16788 15918 
15888 16817 15918 
14895 15824 14925 
13101 14001 14030 
12979 12080 13009 
12979 12980 12080 
16700 15800 15830 
14780 14779 15679 
13997 13098 13127 
17537 17508 16608 
12258 12287 13187 
13157 12287 13187 
13157 12258 13187 
12137 12167 13066 
12137 12167 12166 
11206 11176 12105 
17539 17509 16610 
14747 14717 13847 
12165 11266 11265 
12170 12140 11270 
16637 17566 17536 
16666 17566 17536 
16666 16637 17536 
16666 16637 17566 
14001 13101 13971 
14930 14001 14030 
13038 13008 13908 
10369 11269 11239 
11238 10309 10339 
14774 15674 14804 
11298 11268 10369 
11298 11269 11268 
13937 13037 13067 
13966 13037 13067 
15675 14805 15705 
18407 17478 18377 
13189 14118 14089 
13875 12976 13905 
13875 13876 13905 
13875 13876 12976 
13904 14804 13934 
15795 15794 16694 
15795 15794 15765 
16637 15738 15708 
14747 14748 13848 
14775 13875 13905 
17503 17474 17504 
18528 18498 18527 
12110 11210 12109 
13847 14747 13848 
12074 13003 12104 
12044 12973 12943 
12044 12944 12943 
13847 12977 12948 
13847 12947 12948 
18435 18434 18464 
18403 18432 17533 
18433 18403 18432 
18432 17533 18462 
17503 16633 17532 
17503 17533 17532 
16665 17594 17564 
16664 16694 16665 
15673 16572 15702 
14835 15764 15735 
15704 14834 15733 
15704 15734 15733 
11267 10338 10368 
19365 19336 19366 
19365 19336 18466 
14717 14716 13817 
18407 17508 18437 
16640 17569 16670 
18468 17539 18438 
18557 18556 18527 
18437 18467 19366 
18436 18407 18406 
17474 16545 17444 
17447 16577 16547 
16548 17447 16547 
12047 11148 12077 
12047 12048 11148 
16548 17447 17477 
17539 17509 18438 
13004 13033 12134 
10397 11267 10367 
11296 10397 10367 
12200 13100 13070 
14930 15800 15830 
14930 15800 14901 
13126 13097 12227 
15738 15768 14868 
12170 12200 11300 
12134 12135 12105 
11330 12230 12259 
12980 13880 13879 
11327 11298 10398 
13903 13004 13003 
13903 13033 13004 
13070 13100 13099 
10369 10339 11239 
16695 16665 16694 
13130 12230 13100 
12075 11175 11176 
12075 11146 11176 
12287 13187 12317 
11297 11327 11298 
18405 17505 18434 
18404 18405 18434 
14749 15649 15648 
11209 12079 12109 
11268 11238 11239 
11268 11238 10339 
12106 12136 13006 
13035 12106 12136 
12946 12916 13816 
10426 11325 11355 
13815 12916 13816 
13815 12916 13845 
13066 13036 13065 
12073 12074 12973 
13816 14715 14716 
11207 10308 11237 
11207 11208 11237 
14744 14743 13844 
12047 12947 12946 
10278 11177 11178 
13903 13904 14803 
15674 15675 15645 
15674 14775 15645 
10337 9467 10367 
10305 11204 11205 
11205 11206 11235 
13065 13935 13035 
12195 12224 13094 
12194 12195 12224 
13968 13098 13068 
15760 14861 15731 
15854 15824 14954 
13005 13934 13035 
13004 12105 13034 
11205 12104 11175 
15674 15704 14804 
14775 15674 15704 
13033 13063 12134 
13933 13033 13903 
19365 19395 19394 
11356 11327 10427 
11236 11237 11207 
11236 11237 12136 
12074 11204 12103 
13003 13004 12104 
15733 14833 14863 
13123 13093 13993 
12076 12046 11176 
14775 14745 13875 
12947 12976 12977 
12103 11204 11174 
12944 13843 12943 
12973 12074 13003 
12973 13873 13003 
12136 12137 12107 
15673 14803 14773 
13846 12946 13816 
12917 13846 13816 
12103 12074 12973 
12103 12073 12973 
12103 12073 12074 
12947 13846 12917 
12947 13846 12946 
10278 11177 11207 
12253 12223 11353 
12103 12074 11174 
11146 12045 12075 
12046 11146 12045 
12975 12075 12974 
13873 14773 14743 
13903 13904 13933 
13158 12229 13128 
15765 15764 15794 
12943 12973 13843 
16662 16692 17562 
17591 16662 16692 
18495 19394 19424 
18404 18433 18403 
14928 14958 14058 
12167 13066 13067 
13037 12167 13067 
16606 16576 17505 
16693 17622 17592 
18463 18462 18492 
17625 18524 18495 
17625 18525 18524 
18403 18374 18404 
13037 12137 12167 
18436 17566 18465 
17536 17566 18465 
17536 18436 18465 
17536 18436 17566 
16573 16572 16543 
15643 15673 14773 
16545 17445 16575 
16546 16545 17445 
14744 15673 14773 
16606 16605 15706 
16545 16574 15645 
15675 16545 15645 
15675 16545 16574 
17474 16575 16545 
17445 17474 16575 
14835 13965 14865 
15705 16605 15706 
15705 15735 16605 
14833 14862 15732 
15649 15648 16548 
12138 13037 12108 
17503 16603 17532 
16578 16579 15679 
14746 15646 15675 
14776 15646 15675 
14776 14746 15675 
14776 14746 15646 
15824 16723 15794 
17533 17562 17563 
17475 17474 17445 
19364 18465 19394 
19364 19365 19394 
16635 15706 16606 
18465 18494 18464 
17565 18494 18464 
16606 17476 17505 
15737 16607 15708 
15706 16606 15707 
15706 15736 16606 
17446 17475 16576 
17476 17446 17475 
16693 15793 16663 
15764 16693 16663 
17621 17651 16722 
16572 16602 16601 
17503 17532 17502 
18523 18522 18493 
17623 18523 18493 
16606 17476 16576 
18374 17504 17474 
17475 18374 17474 
14833 14803 15703 
14833 14803 14804 
16603 16573 17473 
16787 17686 17716 
14833 15762 15732 
17592 16692 16722 
17621 16692 16722 
16723 16753 17623 
16723 16753 17652 
17502 16603 17532 
18465 18464 18435 
17565 18464 18435 
18463 18492 18493 
16663 15734 16633 
16634 16663 16633 
16634 16663 15734 
16663 15763 16633 
18495 18525 17596 
17594 18494 18464 
13963 14833 13933 
13063 13093 12164 
16664 16693 16663 
17624 17594 18494 
18406 18377 17507 
17477 18377 17507 
17477 18406 17507 
17473 17444 17474 
15704 14804 15733 
15704 14834 14804 
16662 16632 17561 
16662 16632 17532 
16814 17713 16784 
17504 18374 18403 
17444 16544 16574 
17473 17444 16574 
14773 13903 14803 
17504 18403 17533 
15704 15733 15703 
14804 15704 15703 
16603 15674 15704 
15673 16572 16543 
16605 16604 16634 
16544 15674 16574 
16573 15674 16574 
15705 15675 14776 
15705 14776 14805 
15675 14776 14805 
17533 17503 17504 
17503 17474 16604 
15706 14806 15705 
13873 14743 13843 
15644 16573 16543 
15644 16543 15643 
15673 16543 15643 
16573 15703 16602 
15673 16573 16602 
15673 16573 15703 
15673 15702 16602 
13874 14774 13904 
14716 15645 15615 
16544 15644 15674 
16573 15644 15674 
15706 14807 14806 
15760 15790 14861 
13908 14808 14807 
13938 13908 14808 
16604 16633 17503 
13843 13873 12973 
13873 13903 13003 
14745 15644 14774 
15761 15732 15762 
15761 15732 14862 
15791 15762 15792 
16634 16604 16633 
16604 15734 16633 
16633 15704 15733 
16604 15704 16633 
16631 16602 16601 
16573 16603 16602 
16574 15674 15704 
16603 16574 15674 
16574 15704 16604 
15733 15704 16603 
15733 16632 16603 
17503 16603 16574 
16573 16602 16572 
13844 14743 13843 
14743 14744 15643 
14774 15644 15673 
12195 12165 12194 
13093 12194 12164 
15673 15703 14803 
14804 14834 13934 
12195 12165 12166 
13933 13904 14833 
13904 14804 14833 
13904 14803 14804 
12945 13844 12974 
13873 13844 12974 
14773 13844 13873 
14773 14774 15673 
13844 14773 14744 
14744 15644 15673 
13904 14774 14804 
12945 12944 13844 
15643 14773 14743 
15644 15643 14744 
13066 13966 13965 
13907 13906 14806 
14863 15763 15733 
17655 18554 18584 
18552 18523 18522 
16782 15853 16752 
15820 15790 14891 
17653 17652 17623 
17653 18552 17623 
12134 13063 12164 
15733 15763 14834 
15763 14864 14834 
15793 14893 14923 
15791 15790 15761 
14863 14893 15763 
17562 16692 17592 
17562 16663 17592 
15854 15824 16753 
16724 15854 15824 
15885 15886 14986 
15885 15915 14986 
15885 15915 15886 
16633 16663 17562 
17653 18523 17623 
17593 17623 18493 
17593 17594 17623 
15731 15761 15760 
15731 15761 14861 
17622 16752 17651 
17621 17591 17592 
17621 17591 16692 
16755 17654 16754 
15852 16751 16781 
16751 16752 16781 
15853 16753 16752 
16782 16753 16752 
17624 17653 17623 
16724 17653 17623 
16812 15913 15883 
14862 14892 14863 
16784 17713 17683 
14893 14923 14023 
15913 16783 15883 
17654 18583 18553 
18554 18583 18553 
17654 17624 17653 
18553 17654 17624 
16783 16753 17653 
14023 14923 14053 
17593 17623 18522 
18495 17596 17595 
15913 14984 15884 
14956 15856 14986 
14956 15885 14986 
15853 14953 14954 
15853 14924 14954 
16814 17684 16784 
16814 17684 17713 
16784 17684 17683 
15014 15884 14984 
15913 15014 14984 
15854 15824 15853 
15883 15853 16753 
15854 15853 16753 
15915 15016 14986 
15886 15915 15016 
12224 13123 12194 
13124 14053 14023 
12136 13036 13006 
13035 12136 13036 
15823 14924 15853 
14054 13154 13155 
14953 14954 14054 
11297 11326 12196 
17654 17684 16755 
14863 14833 13963 
14862 14863 14833 
15765 14895 14865 
13906 13905 14805 
16726 16696 16697 
16726 17596 16696 
15916 15016 15886 
15761 14862 15791 
15761 15762 15791 
15764 14835 14864 
15734 14835 14864 
14864 14835 14834 
12224 13153 13123 
14863 14893 14892 
14863 15792 14893 
15763 15734 15733 
16633 15763 15733 
13098 12198 13068 
15820 14891 14921 
15791 14892 14862 
13993 14893 14023 
15734 14864 15763 
13063 13963 13933 
14833 14863 15762 
14893 14863 13993 
17563 18463 17534 
15763 15793 14893 
15761 15790 15760 
16722 17622 16752 
15763 16663 15793 
14863 15762 15792 
15791 14891 15761 
14861 15761 14891 
15791 15820 15790 
15820 14921 15791 
15791 14921 14891 
18463 18493 17593 
17564 18463 18493 
18524 18553 18523 
17624 18553 18523 
16753 15853 16723 
15853 15823 16723 
16634 15764 16663 
17625 16725 17595 
16696 16725 17595 
16696 17625 17595 
16634 16664 16663 
16693 17622 16723 
18463 18434 17534 
18463 18434 18433 
15823 16693 16723 
15796 15795 14896 
15825 15795 14896 
15825 15796 15795 
13157 14027 14057 
14923 15823 14953 
15824 15794 16694 
16723 16694 16724 
15824 16694 16724 
15823 15793 14923 
15824 15794 14924 
15823 15824 14924 
16782 15883 15853 
16723 15824 16753 
15824 15823 15853 
15824 14924 14954 
16725 16724 16695 
16725 17624 16695 
15886 16815 16786 
17623 16753 17653 
16723 16724 17623 
17532 17562 16662 
16633 17532 17562 
17532 17533 17562 
17593 17623 17622 
18526 19425 18496 
18496 18525 18495 
15823 16693 15793 
16694 16723 16693 
15794 16723 16693 
17562 17592 17563 
18524 18523 18494 
17624 18524 18494 
18434 18464 18463 
17564 18434 18463 
17658 17687 18557 
17564 18464 17594 
18464 18494 18493 
18523 17594 18493 
18494 18523 18493 
16756 15856 15827 
17593 17563 17592 
18464 18493 18463 
16664 16694 16693 
17564 17593 17563 
16663 17592 16693 
17622 17621 17592 
17621 17651 17622 
17591 17562 17592 
17592 16722 17622 
16783 16812 16782 
17532 17562 17561 
19395 19394 19424 
17685 17655 18584 
18525 18495 19424 
19395 18525 19424 
19395 18525 18495 
17686 17687 17716 
17686 17687 16787 
17682 17653 17652 
16754 15855 15854 
18498 18497 18527 
17625 17654 17655 
17682 16753 17652 
16783 16812 15913 
17682 16783 17653 
17531 17532 17561 
17561 16632 17531 
18436 18466 19365 
15915 15045 15944 
15015 15045 15944 
15015 15915 15045 
14987 14957 15886 
11383 12253 11354 
11353 10424 10453 
10367 9497 9467 
12254 13153 13124 
12224 12254 13153 
13035 13036 13065 
12165 12135 12136 
11353 11324 12223 
12253 11324 12223 
13154 14053 14054 
10455 11355 11325 
10455 10426 11325 
10455 10426 11355 
12256 13155 12226 
13065 13965 13066 
9497 10396 9526 
11146 12046 11176 
12253 12283 11354 
11356 10457 11386 
10486 10457 11386 
10486 11356 11386 
10486 11356 10457 
11353 11323 10453 
13153 14023 13124 
12316 11387 12286 
11414 11385 12284 
13123 13153 14023 
14087 14957 14057 
10424 11323 10453 
11353 10424 11323 
12285 11415 11386 
12288 13217 12317 
11414 12314 12284 
14023 13123 13993 
13033 13063 13933 
12075 11176 11205 
11355 11385 10456 
12225 12226 12255 
13187 13217 12317 
12288 13187 13217 
10484 11384 11354 
13216 14116 13187 
14086 13216 13187 
14086 13216 14116 
13070 13099 13069 
9496 10395 9525 
9466 10366 10365 
11384 12254 12284 
13963 13993 13093 
13215 14115 13186 
12197 12227 12226 
11385 11356 12255 
12285 11356 12255 
12285 11385 12255 
13963 13093 13063 
13036 12137 13066 
13126 13097 13096 
12256 13126 12227 
12256 13156 13126 
12194 13123 13093 
10276 11205 10306 
11176 10276 10306 
10484 11384 10455 
9467 9497 10396 
12315 11386 11415 
12285 12315 11415 
12285 12315 11386 
11385 12314 12284 
11414 11385 12314 
14146 13246 13217 
14116 13246 13217 
14116 13246 14146 
11357 12256 11386 
12286 12256 11386 
12286 11357 11386 
12286 11357 12256 
11358 11387 12287 
12226 12255 13125 
13160 12260 13130 
13971 14871 14001 
15918 15889 14989 
14810 13910 13940 
13159 12230 13129 
13159 12259 13129 
12230 12259 13129 
11206 11236 10307 
12110 12080 12980 
12198 12168 13097 
13068 12198 12168 
14087 14987 15016 
13157 12257 12287 
11237 11208 11238 
10338 11208 11238 
11327 11326 11297 
11356 10427 10456 
11236 11266 10366 
11236 11266 10337 
11297 10398 10427 
10337 10367 10366 
10337 11266 10367 
16756 17685 16786 
12260 12289 13189 
13159 12260 12289 
11239 12109 11209 
13968 13998 13098 
13968 13998 13069 
14060 14089 14989 
11326 10427 10456 
11326 11356 10456 
12135 12106 12136 
12196 12197 12167 
12224 11295 12195 
12194 12165 12164 
9436 9466 10365 
11235 10336 11265 
14805 14775 13905 
13068 13938 13038 
11329 11299 12199 
11329 12228 11299 
12166 12196 12195 
11296 12166 12196 
16666 16696 16695 
10425 10396 11325 
10425 11295 11325 
10425 11295 10396 
13215 14085 14115 
10455 11384 11354 
10484 10455 11354 
12229 13128 12258 
13124 12195 13094 
12199 11270 11300 
16610 16609 15710 
12198 12227 13127 
13097 12198 12227 
11326 11356 11327 
12169 11269 11299 
10396 10367 10397 
10367 10397 9497 
11297 10398 10368 
11267 11237 11238 
10338 11267 11237 
13008 13038 12138 
11269 12198 12168 
12196 12167 12166 
13127 12228 12257 
15764 14865 14864 
14835 14865 14864 
13157 14056 13127 
13160 14030 14060 
12140 12110 13010 
9496 10395 10425 
12168 13067 13097 
15707 14808 14807 
15795 14895 15765 
12135 11265 12165 
12164 12135 12165 
12196 12197 12226 
14834 14835 13935 
13906 14806 14805 
11267 12196 11297 
13096 13067 13066 
17655 17625 17626 
13096 13097 13067 
13007 13006 13906 
12259 12288 11359 
11298 11268 10398 
12196 11267 12166 
14924 15794 14895 
14898 14868 13998 
12107 12137 13007 
13036 12107 12137 
15710 15680 16609 
12226 12256 12227 
9496 10425 9525 
10395 10425 9525 
11355 12254 12284 
11355 11384 12254 
12195 12225 12196 
10426 9526 10396 
15886 15887 16786 
12227 12198 12197 
10427 11326 11297 
14088 13188 14058 
14027 14057 14927 
12287 12317 11417 
12259 12229 13158 
12259 12258 12229 
13100 13129 13099 
12226 12196 12225 
11296 10426 11326 
11326 10397 10426 
14117 14116 13217 
10397 11326 11297 
9497 10397 10426 
10397 10396 10426 
10426 9497 9526 
11296 10397 10426 
11325 12195 11295 
12224 11295 11325 
12224 12195 11325 
12288 12287 13187 
15888 16787 16758 
15858 15888 16787 
14838 15738 14868 
16756 16757 15857 
12286 12316 11416 
12227 12257 12228 
13155 12255 13154 
14955 14056 14956 
11388 12287 11417 
11359 12288 11388 
11388 12287 12288 
12258 11388 12288 
14056 14085 13156 
14056 14055 13156 
11388 12288 12317 
13215 13186 14085 
13125 13155 12255 
12317 11417 11388 
13155 13156 12256 
17686 16787 16757 
13125 13155 12226 
12288 12259 13188 
11298 10399 10369 
12316 11387 11416 
12286 11387 11416 
11355 10456 10485 
10456 10485 11385 
11355 10485 11385 
11357 11387 10487 
11328 10458 11357 
10458 11357 10487 
14087 14057 13187 
12198 12227 12228 
13127 12198 12228 
12229 11300 12199 
12258 11329 11358 
12258 11359 11329 
13218 12289 12318 
12258 11358 12287 
11329 11358 11328 
10429 11329 11358 
11330 11359 12259 
15798 14898 14928 
14960 15860 15889 
12258 12288 12259 
10366 9467 9437 
10337 9467 9437 
11359 11329 12229 
11330 11359 12229 
13128 13157 12228 
12260 12230 13130 
12289 13159 13188 
14988 15017 15887 
14987 14988 15887 
10429 10458 11328 
13188 12318 12289 
13218 13188 12318 
10399 11269 10369 
14057 14086 14986 
14088 14958 14988 
14058 14958 14088 
12259 13159 13188 
13998 14028 14898 
13098 13127 13128 
13098 12228 13128 
12288 12259 13158 
11329 12228 11358 
11358 11357 11328 
13098 12198 12228 
11300 12170 11270 
10429 11358 10458 
11387 11358 10458 
12258 11359 11388 
11299 11269 10399 
15888 15018 14988 
13969 13069 13968 
12170 13070 12200 
15768 15798 14898 
11300 11330 12200 
12199 12229 11329 
12198 12197 12168 
13999 13969 13998 
12168 12167 12197 
13007 12108 13037 
13007 13008 13037 
13007 13008 12108 
13099 13069 13998 
11329 10429 11299 
11329 11328 11299 
11299 11298 11269 
11299 12198 11269 
11299 12228 12198 
13848 12948 12949 
12948 12949 12049 
11328 10429 10399 
11297 11267 10397 
11297 10368 11267 
10366 9467 10396 
10366 10367 10396 
13038 12138 12168 
13067 12138 12168 
12046 12076 11147 
10308 10278 11178 
11178 12077 11207 
12107 12077 11207 
12107 11178 12077 
15860 15830 14960 
16726 16696 16725 
15018 15918 14989 
15046 14146 14117 
15017 15916 15046 
15017 14117 15046 
18526 18556 18555 
14986 14116 15016 
14086 14986 14116 
16785 17684 17655 
16785 17685 17684 
16665 16666 16695 
17687 16817 17716 
16725 16754 16755 
14956 14957 14057 
14927 14957 14057 
17656 17655 17685 
18555 17655 17685 
16817 16787 17716 
18496 19425 19395 
17595 17625 18495 
17595 17625 18524 
16759 16788 15889 
18498 18468 17569 
18404 18375 18405 
13970 13100 14000 
17658 17629 16759 
16787 16758 17657 
18555 18584 18554 
18467 19396 19366 
13910 14780 14810 
17599 17569 16670 
17629 16700 16730 
14026 13996 13126 
14989 14960 14060 
19395 18496 18495 
15855 15885 14985 
14956 15855 14985 
14956 15855 15885 
18524 17625 18554 
14989 15018 14089 
17599 18528 17629 
17564 17535 18434 
17564 17535 18464 
15889 15918 16788 
13099 13129 14028 
19335 19364 19365 
19335 18465 19364 
17685 17684 17714 
16757 15858 15857 
18555 17685 18584 
16816 17715 17686 
16786 16816 17686 
16786 16816 17715 
18556 17686 18585 
14956 15855 15856 
15770 15740 16640 
15856 14927 15826 
15914 15915 15944 
15015 15914 15944 
15015 15914 15915 
14088 13218 14118 
14838 13938 14808 
17625 16696 16726 
15886 15856 14957 
15795 16724 15825 
15825 16725 15855 
15825 16725 15826 
14956 14955 15855 
14057 14957 14986 
18436 18406 18435 
19335 18436 18435 
18527 18526 18556 
14057 13128 13157 
14057 13158 13157 
14087 14987 14957 
18467 18497 19396 
18526 18527 18497 
16727 15828 15857 
19425 19396 18526 
18525 18554 18524 
16725 17625 17624 
18525 18555 18554 
18525 18555 17655 
18525 18526 18555 
18526 17626 18496 
18526 18525 17626 
15734 16604 15705 
15734 16634 15705 
19425 19396 19395 
17687 17657 16758 
13186 13156 14056 
13186 14085 14056 
13186 14085 13156 
16605 16634 16635 
16756 16726 16727 
15827 16756 16726 
18465 18495 19394 
18465 18495 18494 
18526 18497 19396 
16694 16724 16695 
16694 15795 16724 
14779 14780 13880 
16578 17507 16608 
15855 15856 16755 
16755 16725 16726 
16755 16725 15826 
17686 16787 17657 
18556 18557 18586 
17687 18557 18586 
18556 18586 17657 
14055 13155 13156 
18528 17658 18557 
17687 17657 18586 
14988 14958 15858 
17656 17657 18556 
17686 17656 18556 
17595 18524 18494 
18467 18497 18468 
18497 18468 18498 
17536 18406 17506 
13905 13876 13006 
18555 17626 17656 
16756 15856 16726 
15827 15856 16726 
17655 17625 18554 
18525 17655 17625 
15857 16727 16756 
18435 18405 18406 
17506 18435 18406 
16636 17535 17565 
16636 16665 17535 
18376 18406 18405 
17506 18376 18405 
17535 18405 17505 
17535 18405 18434 
16665 17535 17564 
16695 16696 17595 
17476 16576 17505 
15828 15798 14928 
18495 18524 18494 
16695 16665 17565 
16695 17594 16665 
17626 17655 17656 
14895 15824 15794 
17596 16696 17595 
13189 13218 14118 
18555 18525 17626 
14927 14027 14926 
16697 16668 16667 
18585 17686 17656 
15915 16814 16785 
15885 16814 16785 
15885 15915 16785 
15885 15915 16814 
17655 16756 17685 
15796 15826 15825 
14027 14926 14026 
14027 13997 14026 
16695 17624 17594 
14896 13996 14026 
14925 15795 15825 
14925 15795 14896 
14958 15857 15828 
14928 14958 15828 
18405 18375 17476 
16755 16726 16756 
17685 16785 16815 
13188 13218 14088 
16545 16544 17444 
16604 16574 17474 
17655 16755 16785 
17655 16756 16755 
13158 13188 14058 
14895 14865 13995 
17475 16605 17504 
14775 15704 14805 
13996 13966 13096 
15854 14954 14955 
13966 13996 13995 
13127 13997 14026 
14987 15017 15016 
14117 15017 15016 
16668 16698 16697 
14834 13935 13934 
16696 16666 16667 
16666 16637 16667 
15916 16815 16786 
16786 15916 15887 
15889 16759 15860 
17476 17446 16547 
16755 15826 15856 
13128 13157 14027 
13127 13128 13157 
14926 15796 14896 
15825 14926 14896 
13155 14055 14054 
15824 14925 14924 
14924 14895 14925 
17656 16756 16786 
17685 17656 16786 
14985 14956 14986 
14925 14926 15825 
14925 14896 14926 
14986 15856 15886 
14087 14116 13187 
14958 15858 15857 
13098 13128 14027 
13966 13066 13096 
14896 14026 14926 
13098 13128 13998 
11297 11298 11268 
12109 11239 12139 
14895 15795 14896 
15826 15796 14926 
14895 14896 13996 
14088 14118 14988 
15826 14926 14927 
14928 14028 14898 
15705 16604 16605 
15705 16634 16605 
13995 13965 14865 
13966 13995 13965 
13996 13096 13126 
13996 14895 13995 
14985 15885 14986 
13156 13126 14026 
15885 15914 15015 
14086 13157 13187 
13156 14026 14056 
13127 14026 14056 
14028 13158 14057 
14028 14058 13158 
16755 16785 17684 
15885 14985 15015 
14955 14056 14055 
14056 13157 14086 
15046 15016 15945 
15884 14985 15885 
15855 16725 16755 
13186 14085 14115 
15914 14985 15884 
15914 15015 14985 
15884 15914 15885 
15046 15916 15945 
16754 15825 15855 
17714 16785 17684 
17714 16815 17685 
17714 16785 16815 
14146 15046 15016 
17658 16788 16759 
15886 15916 16815 
14057 13187 13157 
14146 13217 14117 
14116 14146 15016 
15016 14116 14087 
15016 14116 14117 
13160 14089 13189 
14956 14957 14986 
14030 13101 13130 
14000 13101 13130 
14956 14056 14057 
15888 16787 16817 
16788 15888 16787 
13100 13130 14000 
15888 16788 16758 
16758 16788 17687 
16787 16788 17687 
17658 16788 17687 
16788 16817 17687 
15768 14898 14868 
15858 14988 15888 
14056 14057 14086 
13128 14028 14057 
15830 16730 16759 
15860 15830 16759 
14871 14901 14001 
13130 13160 14030 
17599 16670 16700 
16700 16730 15830 
13071 14000 13970 
15770 16670 15800 
16700 16670 15800 
14930 15830 14960 
17629 16730 16759 
13971 13101 13071 
14930 14030 14060 
14960 14930 14060 
14810 14840 13940 
15770 14841 15740 
13970 13940 13070 
16668 16698 15798 
17599 16700 17629 
14810 15680 15710 
13070 13999 13969 
14028 13998 13999 
16667 16668 15768 
15648 15647 16547 
18376 18406 17477 
16697 16698 15798 
16697 16727 15798 
14868 13968 14838 
13070 13100 13999 
13999 13100 13129 
13129 14028 13999 
13101 14000 13071 
16637 16667 15738 
14001 14901 14930 
14871 15770 15800 
14871 15800 14901 
15770 16640 16670 
16610 15710 15740 
12139 11210 12109 
13815 14715 13816 
13971 14871 14841 
14717 13817 13847 
16610 15740 16640 
15649 14779 14749 
14810 15710 14840 
17508 17509 16609 
14780 14810 15680 
12948 12049 12978 
13971 14841 13941 
18438 18467 18468 
13968 13938 13068 
13941 14840 13940 
13968 14838 13938 
15649 16578 15679 
15649 14779 15679 
15738 16667 15768 
13069 13939 13969 
15737 14838 14808 
18438 18437 18467 
14840 15710 15740 
15740 14841 14840 
15680 16579 15679 
17509 18408 18438 
17478 17477 18377 
13910 13880 14780 
15645 15674 14745 
13849 14748 13848 
17536 18406 18435 
17536 17506 18435 
19366 19395 19365 
12169 11240 11270 
14835 14805 15705 
14835 15734 14805 
15615 15644 14745 
15615 15644 15645 
13006 13007 12107 
12049 12978 12079 
15680 14780 15679 
12109 12079 13008 
12979 12109 12079 
12045 12944 12044 
14749 13879 13849 
11238 12108 11208 
12137 11238 11208 
16579 17508 16609 
15645 16545 16544 
12107 11208 12137 
12044 12074 11145 
12045 12044 11145 
13907 13037 13937 
13907 13008 13937 
13935 14835 13965 
17506 18376 17476 
13907 14806 14807 
15616 14717 15646 
13908 13907 14807 
14779 13879 14749 
12077 12047 11177 
17505 17534 18434 
12140 13010 13040 
12108 12978 13008 
12079 12978 13008 
12079 12108 12978 
13907 13008 13908 
15645 15674 16574 
13008 13037 13038 
13937 13037 13038 
13937 13008 13038 
11268 11269 11239 
9436 9466 10336 
15767 16666 15737 
17507 17478 16608 
16578 17478 16608 
16578 17507 17478 
17476 17447 17477 
17476 17447 16577 
14715 15615 14716 
14715 14745 15615 
14716 15616 14746 
14716 15616 14717 
15646 16575 16546 
16545 15646 16546 
15648 16548 16547 
13817 14716 13816 
14715 13815 13845 
15647 16546 16547 
15675 15674 16574 
15736 15706 16635 
12104 11175 12074 
15735 14865 15765 
15707 14807 15706 
14715 13845 14745 
18375 17475 17476 
17505 18375 17475 
13936 13037 13937 
11147 12047 12046 
16634 16605 15735 
13845 14745 13875 
11235 11265 12135 
12046 12075 12975 
12945 12046 12975 
12945 12046 12075 
14775 15645 14745 
15735 15764 14865 
15735 15764 15765 
12136 12166 12137 
14748 14749 13849 
17475 17504 16575 
16635 16634 16664 
12136 11237 12166 
15645 15616 14746 
14716 15645 14746 
15704 15734 14805 
11176 11206 11205 
16638 17537 16608 
17539 16610 16640 
16636 16607 15737 
16636 16637 16607 
16607 16637 15708 
17475 17505 18404 
16636 15707 15737 
16666 16637 15767 
14838 15708 15737 
15738 14838 15708 
13966 13936 13037 
13966 13936 13937 
12108 12138 11209 
12108 11238 12138 
15676 16575 16546 
15646 15676 16546 
15646 15676 16575 
13940 13070 13040 
13846 13876 12947 
12078 12079 11179 
15646 15647 16546 
15649 16548 16578 
16575 17475 16605 
15705 14806 14805 
16606 16636 15707 
17477 17478 16578 
14747 14748 15647 
14748 15647 15648 
16665 16635 16636 
15735 15764 16634 
15767 16637 15737 
15737 14808 15707 
16546 17475 16576 
17446 16546 16576 
15645 15646 15616 
15645 15646 16545 
14835 15705 15735 
17505 18404 18375 
17446 16546 16547 
15646 14747 15647 
16575 16605 17504 
16577 17476 16547 
16578 16548 17477 
18405 18434 18435 
15644 16544 15645 
17535 17505 17534 
17535 17534 17564 
18376 17476 17477 
16635 16606 16636 
15736 16635 16606 
17508 17478 18407 
18436 19336 18437 
17535 18464 18435 
17535 17565 18435 
18436 18466 19336 
18406 18377 18407 
17508 16638 16608 
17537 16638 17508 
16578 17478 16579 
19335 18436 19365 
17539 17569 16640 
18438 18437 18408 
18465 18435 19335 
17445 17475 16546 
16579 17478 17508 
18468 17569 17539 
17508 18408 17509 
17509 16609 16610 
12047 12076 12976 
12135 13005 13034 
13010 13880 13910 
10369 10339 11268 
10367 11237 10337 
11268 10368 10398 
12140 11240 11270 
10336 11206 10306 
11235 10336 10306 
11235 10336 11206 
13970 13041 13071 
13910 13010 13040 
12979 13009 12109 
13940 13041 13941 
13970 13940 13041 
12980 13880 13010 
13071 13941 13041 
12075 12045 11175 
11177 11147 12047 
12917 13817 13816 
11178 11208 11207 
11178 12107 11208 
11175 11204 12074 
12138 11239 12168 
13010 12110 12980 
10278 11207 10308 
10336 10337 9437 
10338 10308 11237 
10338 10308 11208 
11178 10308 11208 
12077 11178 11177 
13969 13040 13070 
13069 13040 13070 
10275 11174 11175 
12078 12978 12079 
11209 10309 10339 
11176 11177 10277 
11177 10307 11207 
11209 11179 12079 
13910 13940 13040 
12979 13849 13879 
11239 10339 11209 
12110 12080 13009 
11268 11238 11267 
11238 10368 11268 
12078 12108 11179 
11237 11267 12166 
9436 10365 10335 
12980 12979 13879 
11175 11174 12074 
12948 12078 12978 
12948 13847 13848 
12108 11179 11209 
10338 11238 10368 
13067 12138 13037 
13040 12170 12140 
11210 12139 11240 
12110 11210 11240 
13007 13907 13037 
13009 12110 12109 
12108 12079 12109 
12164 12135 12134 
12079 12949 12979 
13877 12948 12977 
13847 13877 12977 
13847 13877 12948 
11268 11267 11297 
13906 13907 13007 
13040 13070 12170 
11239 12139 11269 
11208 11238 11209 
11208 10309 11209 
11208 10309 11238 
10336 10366 9466 
10336 10366 9437 
13849 12979 12949 
11239 11269 12168 
12078 11208 11178 
13040 13969 13939 
13069 13939 13040 
13008 12108 12109 
12167 12168 12138 
13008 12108 12138 
13817 13847 12947 
12108 12078 11208 
12077 11148 11178 
12944 12045 12945 
13007 13037 12137 
11204 11174 10275 
11267 11237 10367 
12945 13845 12975 
12946 12975 13845 
12946 13875 13845 
10336 10366 11265 
10336 11236 10366 
10307 10337 11207 
11207 10337 11237 
12105 11205 12075 
12105 12104 11205 
12076 11177 12106 
12106 12136 12107 
12974 13874 12975 
13935 13934 13035 
13006 12107 13036 
11177 10277 10307 
13905 13005 13006 
11236 11235 12135 
12105 12106 13005 
12135 12106 13005 
13874 13904 12975 
12946 12945 13845 
12977 13876 12976 
12977 12947 13876 
10335 10336 9436 
12078 12048 11178 
13846 13876 12976 
12947 13846 12976 
10276 11175 11176 
12106 12107 11207 
10276 11175 11205 
12075 12945 12974 
10365 10336 10335 
10277 11176 11206 
11176 12075 12105 
10275 11175 10305 
10275 11204 10305 
10277 11206 10307 
11177 11206 11207 
12105 11206 12106 
12105 12135 13034 
11265 11266 10366 
10365 10336 10366 
12946 12916 13845 
12106 13006 13005 
13904 13934 13005 
13004 13005 13034 
13004 12105 13005 
11205 11204 11175 
11266 11236 12165 
12136 11266 11236 
12106 11177 11207 
13875 12975 13005 
13875 12976 12975 
13904 13005 12975 
13875 13905 13005 
13905 12976 13006 
13876 12976 13006 
13035 12106 13005 
12106 11206 12076 
12136 12165 12166 
12136 11266 12166 
12135 11236 12165 
11206 11236 11207 
10305 11175 11205 
10336 11235 11236 
11236 10337 10307 
11205 10306 11235 
11176 10306 11206 
10336 10337 10366 
12945 12046 12045 
12947 13817 12917 
11175 11145 12074 
12045 11145 11175 
12946 12976 12975 
12946 13875 12976 
12047 12946 12976 
12946 12076 12976 
12047 12046 12946 
12047 12076 12946 
12048 11148 11178 
12047 12947 12048 
12948 12048 12078 
12947 12048 12948 
12046 12945 12946 
