16730 16760 15831 
18432 18462 19332 
18432 18433 19332 
18522 18492 19392 
13903 13874 13004 
13931 13032 13002 
19426 20296 19397 
16720 16690 17590 
19394 19423 19424 
17567 17568 17538 
17475 18374 18375 
19362 18462 19332 
18558 18587 19457 
17594 17565 17595 
19304 19334 19333 
17503 17473 17474 
17621 18521 18491 
15703 16603 16632 
18402 18432 18431 
17532 18402 18431 
18553 19453 19423 
16600 15701 15700 
14771 15671 14801 
14772 14771 15671 
13903 13933 13932 
14832 13932 14831 
14832 13932 14802 
16630 16660 17530 
15702 16601 15701 
14859 14860 15759 
16602 15732 16631 
15731 16631 16601 
17502 18402 17532 
14020 14021 13121 
16571 15701 16600 
15671 16571 15701 
17560 17531 17561 
19396 18496 19366 
18431 18432 18461 
16631 16632 17531 
16631 16602 17531 
16632 15733 15732 
15703 15733 15732 
15703 16632 15732 
15760 16660 16630 
19333 19362 19332 
15703 14804 14833 
16572 16601 15672 
15702 16572 16601 
15012 15011 14112 
19454 19424 19453 
15792 14922 14892 
15881 15011 14981 
17502 17531 17501 
15850 14980 15880 
14081 14051 14980 
15942 16842 16812 
15820 15790 16690 
16724 17624 16754 
14052 14082 14952 
18374 18404 17504 
16692 16693 16722 
17502 17532 17531 
16632 17502 17531 
13961 14861 14860 
19454 18584 19484 
19483 19454 18584 
16842 16813 16812 
13932 14831 13931 
13961 14831 13931 
17506 18405 17505 
13990 13091 13061 
16811 15912 15911 
19452 18552 19422 
16781 15911 15881 
17650 16750 17620 
18522 18521 18492 
16844 17743 17714 
15766 14837 15736 
19363 19362 19392 
16603 17473 17502 
17503 17473 17502 
16751 16750 16780 
19394 20264 20294 
19423 19424 19453 
16782 15912 16812 
16843 17713 16813 
15911 15012 15011 
15912 15042 15012 
17713 17683 18583 
15942 15943 15043 
16690 17560 16660 
17682 17683 17712 
17682 18582 17683 
15942 16812 15912 
19425 19454 19455 
15048 15047 14148 
14051 14950 14980 
18552 17682 17652 
17652 18552 18522 
16843 16844 17743 
15043 14114 14144 
14143 15043 14114 
14952 14953 14053 
15765 16635 16664 
16665 16635 16664 
16665 15765 16664 
14953 14952 15852 
14020 14919 13990 
17534 17564 17563 
16664 17534 17563 
14801 13902 13901 
13872 14801 13902 
17593 17564 17594 
16631 16630 15731 
14830 14860 15730 
15881 14981 15880 
13931 13932 13032 
15043 15042 14143 
17560 17530 16660 
17682 18552 18582 
16724 16754 16753 
14118 15018 14089 
14988 14118 14089 
14775 15674 14774 
14859 14860 13960 
14889 13990 13960 
13213 14083 13183 
14112 13213 13183 
17652 17681 17651 
15011 14082 14112 
16667 16697 16696 
18558 17688 18587 
13905 13006 13906 
15943 15043 15044 
14081 14980 14981 
13184 14113 13213 
13184 14113 13214 
14145 15044 14144 
16844 16845 15945 
14988 14987 14088 
15886 15885 16785 
18528 18498 17628 
15760 14861 14860 
15700 14800 14801 
15700 14800 14830 
14030 13130 14029 
14929 15799 14899 
14089 13160 14060 
15044 15944 15074 
15019 14119 14090 
19336 19337 18437 
13245 13216 14115 
13245 13216 14145 
15735 15736 14836 
20264 20294 20265 
19454 19453 19483 
14836 14835 13936 
17597 17598 17568 
18437 18407 17537 
18436 18437 17537 
18436 18437 18407 
16606 17505 16605 
20294 19394 19424 
19392 19393 19422 
16760 16731 17630 
17625 17624 17654 
12978 13007 13907 
13877 12978 13007 
18461 18432 18462 
14867 15766 15767 
13099 14028 13998 
15887 15886 14987 
16818 15948 15919 
15858 16758 15829 
16728 15858 15829 
17659 18558 17629 
17659 18558 17658 
18558 18528 17629 
17658 18528 17629 
17658 18558 18528 
19426 19456 19455 
14989 14960 15889 
14953 15852 15853 
15823 15852 15853 
18408 18437 17538 
18586 19456 19486 
19396 20296 19397 
16847 16818 17717 
14028 13129 14029 
18613 17713 18583 
16666 16665 16636 
16843 15944 15943 
14953 14983 14083 
15738 16638 15739 
18558 17659 17688 
17567 17538 17537 
18437 17538 17537 
18437 17567 17537 
16756 17656 16757 
17659 18529 18558 
15739 14839 15738 
13009 13038 13908 
13009 13938 13038 
17625 17596 17626 
17629 18529 17630 
17629 16730 17630 
13069 13039 13939 
13069 13968 13039 
13101 14001 14030 
16698 15799 15769 
16637 17566 17536 
16666 17566 17536 
14930 14001 14030 
14900 14001 14030 
16668 15769 15739 
14869 14899 13999 
13038 13008 13908 
14839 15738 14809 
13061 13961 13960 
13990 13061 13960 
18407 18377 17507 
14777 13877 14776 
14897 15767 15797 
13990 14020 13091 
13189 14118 14089 
14088 14118 14089 
13875 13876 13905 
13875 13876 12976 
14804 13905 13934 
13904 14804 13905 
18373 18374 18403 
17474 18374 18403 
17474 18373 18403 
14775 13875 13905 
13939 13039 13909 
18373 18403 18402 
18435 19334 18464 
18435 18434 18464 
18403 18432 17533 
18433 18403 18432 
17533 16633 17532 
17503 16633 17532 
18498 17598 17628 
15673 16572 15702 
19365 20265 20235 
20264 20265 20235 
20264 19365 20235 
15764 15734 15735 
14835 15764 15735 
18529 17659 17630 
15704 14834 15733 
19303 19333 19332 
19336 18466 19366 
19365 19336 19366 
19365 19336 18466 
18468 18438 17568 
15736 14837 14836 
18407 19307 18437 
17715 16845 17745 
19303 19304 19333 
18436 18407 18406 
16634 17563 17533 
16634 17534 17533 
19336 19306 19335 
17445 16545 17444 
17474 16574 17444 
14809 14839 13939 
14930 15800 14901 
14931 14031 14002 
13903 13033 13004 
16606 16607 17506 
13969 13939 14839 
14775 14746 15645 
13992 13092 13991 
13992 14021 13991 
13876 14776 14775 
15671 15672 16571 
14772 13902 13872 
14832 15702 14802 
13903 13874 13904 
15674 14775 15675 
13902 13032 13932 
15673 15674 15703 
14774 15674 15703 
15760 15731 14831 
15760 14861 15731 
15674 15704 14804 
13033 13903 13932 
13933 13033 13932 
13902 13032 13002 
15733 14834 14863 
14775 14774 13875 
13933 13033 13004 
15672 15701 14772 
14832 15702 15732 
14803 14832 15732 
14772 14801 13902 
14802 14801 13902 
14950 14920 15820 
14832 15731 14831 
14834 14804 14833 
13903 13904 13933 
13004 13904 13933 
14832 14833 13933 
13876 14775 13905 
15703 16602 15732 
15703 15702 15732 
14772 14771 13872 
14771 14801 13872 
17503 18373 18403 
15760 15790 15789 
15585 15615 15614 
17502 16603 16632 
14860 15760 14831 
16542 16572 16571 
15672 16542 16571 
15672 16542 16572 
19364 19393 19363 
18404 18433 19303 
18404 18433 18403 
19363 19392 19393 
19335 19334 19364 
19335 18435 19364 
18462 19362 18492 
19394 19364 20264 
17414 17444 16544 
19336 19337 19307 
18403 18374 18404 
14889 15789 15759 
17472 17501 16602 
17472 17501 17502 
19422 18522 19392 
17502 16602 17531 
19392 18492 19362 
19274 18404 19303 
16573 15674 15703 
17536 18436 17566 
20294 20324 20295 
17591 18491 18461 
19303 18433 19332 
17560 17530 17531 
18402 18403 18432 
16600 16601 16571 
15672 16601 15701 
17473 17472 17502 
17473 16573 17502 
16572 16542 15643 
16572 16543 15643 
16572 16543 16542 
16573 16572 16543 
15671 15701 14801 
14772 15701 14801 
16812 16782 17682 
16576 16605 15706 
16606 16605 15706 
16606 16576 15706 
16544 17414 17443 
17444 17414 17443 
17445 17474 16575 
15735 16605 15706 
15705 16605 15706 
15705 15735 15706 
14832 14862 15732 
14832 14833 15732 
17503 18402 17502 
16576 17475 16605 
17416 17445 16546 
15677 15678 16577 
19304 19274 18404 
17503 18402 18373 
17503 18432 17532 
17533 18432 17532 
17533 16663 17563 
17475 16575 17445 
17475 17474 17445 
17475 17474 16575 
15736 16665 15766 
17565 18465 18464 
19304 18405 19275 
16577 15677 15707 
16606 15677 15707 
19274 19304 19303 
17565 18435 17536 
15707 16607 15708 
17505 16605 17534 
17504 16605 17534 
17504 17505 17534 
17505 16635 17534 
17477 17476 16577 
17446 17475 16576 
17476 17475 16576 
17476 17446 16576 
17476 17446 17475 
17621 17651 16751 
17531 17501 17530 
13092 13121 13991 
13092 14021 13121 
16630 15730 15760 
17504 16634 17533 
17504 17534 17533 
17504 17534 16634 
16572 16602 16601 
17476 16576 16577 
16606 16576 16577 
16606 17476 16577 
16606 17476 16576 
15881 16780 15880 
16573 16602 17502 
16573 16602 17472 
18373 18344 18374 
16603 16633 16632 
15762 14862 15732 
17531 17532 18431 
15707 16577 15678 
18403 18432 17503 
17565 18464 18435 
16543 16542 16513 
15643 16542 16513 
15643 16543 16513 
15763 15734 16633 
16663 16662 16633 
15763 16662 16633 
18466 18496 17596 
15764 16664 16663 
18406 18377 17507 
17473 17444 17474 
19305 19304 19334 
17504 18374 18403 
17473 17444 16574 
17473 17444 16544 
15702 15701 14802 
14832 14803 13933 
17504 18403 17533 
15704 15733 15703 
16603 15674 15704 
15703 16603 15704 
18344 18373 17474 
18374 18344 17474 
17536 18435 18436 
15673 16572 16543 
15673 16573 16543 
15703 15732 14803 
15703 15732 14833 
16605 16604 16634 
17504 16605 16604 
14836 15735 14835 
15675 14776 15676 
16573 17472 17443 
16604 17533 17504 
16632 15762 15732 
15676 14776 14777 
17443 16544 17473 
17443 17444 17473 
17443 17473 16573 
17443 17473 17472 
17503 17474 16604 
14715 15585 15615 
14715 15614 15615 
14715 15614 15585 
16573 15703 16602 
14804 15703 15674 
15673 15702 15703 
16635 16664 17534 
15886 16785 16786 
16756 16785 16786 
13183 14053 14083 
14774 13904 14803 
14716 15615 15616 
16573 15673 15674 
13938 13908 14808 
13909 13938 14808 
13909 13938 13908 
16604 16633 17503 
16604 17533 16633 
13991 13961 13091 
16634 17533 16633 
16634 16604 16633 
16604 15734 16633 
17561 17591 17590 
16633 15704 15733 
16604 15704 16633 
16602 17501 16601 
16631 17501 16601 
15732 16632 16631 
16603 16574 15704 
16603 16574 15674 
16603 16574 16604 
16604 16633 16603 
15733 15704 16603 
15733 16632 16603 
15733 16632 16633 
16603 16574 17473 
16573 16602 16572 
14830 15730 15700 
15762 16632 16662 
13901 13902 13002 
13901 13931 13002 
14802 15701 14801 
15672 15671 14772 
14800 13901 14801 
14830 14800 13901 
14867 14837 15766 
13931 14830 13901 
14920 14021 14020 
14830 14860 13931 
14021 14891 13992 
13991 14021 14891 
13121 13991 13091 
14020 13121 13091 
14112 13183 14082 
13932 14802 13902 
13039 13909 13009 
13933 13904 14803 
16630 15731 16601 
16630 16601 16600 
14861 14832 15731 
13961 13991 14861 
14804 14805 14834 
13905 14834 13934 
14833 14834 13934 
14804 14833 13934 
14833 14863 13934 
13933 13904 14833 
13904 14804 14833 
17475 18374 18345 
14803 14774 15703 
13906 14806 13936 
13907 14806 13936 
13907 13906 14806 
15586 15615 15616 
16637 15738 16608 
14889 14859 13960 
14863 15762 15733 
14863 15763 15762 
15700 15701 14801 
16572 16601 16571 
16631 17530 16630 
16630 16600 15730 
15730 16600 15700 
16631 17530 17501 
17560 16690 17590 
14889 14919 15789 
17712 16813 16812 
13215 13245 14115 
16750 15850 16720 
17682 17712 16812 
17621 17650 17620 
15760 16660 15790 
14052 14022 13152 
15759 14859 14889 
15789 15760 15759 
15759 15760 15730 
14920 15820 15790 
14950 14980 15850 
15790 15819 15789 
15762 16662 15792 
14891 14892 13992 
15763 14834 14863 
14892 13992 14022 
15759 14860 15730 
17597 16698 16668 
16660 16690 15790 
17621 16751 17650 
16662 15733 16632 
19428 18558 19457 
18553 18552 19452 
18553 18582 18552 
16750 16780 15880 
19334 19363 18464 
19334 19363 19364 
15820 16690 16720 
15790 14920 15819 
14832 14862 14861 
14920 14919 14020 
14919 14889 13990 
15789 14919 15819 
15819 14919 14920 
15885 15886 14986 
16781 16811 16782 
14083 14113 14983 
16781 15911 16811 
16781 16751 17651 
15850 14950 15820 
18587 17717 18616 
14981 14980 15880 
15762 16662 15733 
15762 15763 16662 
14861 13991 14891 
16633 16663 17533 
17681 16781 17651 
15854 16753 16754 
15942 16842 15943 
14052 13153 14053 
14082 14952 14053 
14052 14082 14053 
17593 17594 17623 
15011 14981 14082 
14984 15883 15884 
15854 15883 15884 
14984 14983 14084 
14081 14082 14981 
14891 14892 14862 
17625 17654 16755 
14053 14953 14083 
15763 15764 14864 
15881 15911 15011 
15912 15012 15911 
16755 16784 16754 
16755 17654 16754 
16751 16781 15881 
15881 16751 16780 
15884 16784 16754 
15943 16843 16813 
16842 15943 16813 
14113 15042 15012 
17713 16813 17683 
14114 14113 13214 
15012 14112 14113 
13213 14083 13184 
15043 15942 15042 
15912 15942 15042 
18583 17683 18553 
14143 15013 14114 
14143 14113 15013 
14143 15042 14113 
14113 14114 15013 
16782 16781 17681 
18584 17714 18613 
18584 18614 17714 
18551 18521 17651 
14984 15883 14983 
16608 15738 15709 
17596 17566 17595 
15943 15044 15944 
18587 18586 19486 
16843 15944 16844 
15075 15945 15975 
15884 15885 16784 
15043 14144 15044 
15854 15853 16753 
15854 15883 15853 
15884 15854 16754 
15853 14953 14983 
14145 14146 13246 
14861 14891 14862 
14084 14113 14083 
13184 14084 14083 
14084 14983 14113 
15822 14922 14952 
16789 17659 17688 
14922 15822 15792 
15792 16662 16692 
17560 17590 17561 
14860 14831 13961 
16727 17626 17627 
16727 17656 17627 
16727 17656 17626 
14863 14833 13963 
14922 14892 14022 
13906 13905 14805 
14920 14021 14950 
15764 14835 14864 
15734 14835 14864 
15734 14835 14834 
14060 14089 14959 
14060 14089 14059 
16662 16663 16692 
15704 14805 14804 
15704 14834 14805 
15797 14927 14898 
14860 13961 13931 
14860 13960 13961 
15820 15850 16720 
15883 15853 14983 
14833 13963 13934 
14863 13934 13963 
15734 14834 15763 
15734 14864 15763 
14021 14051 14950 
14862 14892 15762 
15822 15823 15852 
15822 16722 15823 
15734 15764 15763 
16634 17563 16663 
18491 18461 18462 
15822 15852 14952 
19364 19394 19393 
14892 15792 15762 
17597 18497 18496 
15792 16692 15822 
16753 15853 16723 
15853 15823 16723 
16634 15764 16663 
17597 17568 17567 
17597 16668 17567 
16693 16723 16722 
17563 16693 16663 
16664 17563 16663 
18552 19422 18522 
15823 16723 16722 
14922 14952 14052 
14052 14922 14022 
16723 16724 17623 
16723 16724 16753 
18553 19452 19423 
17594 16724 17624 
17594 16724 17623 
19333 19362 19363 
20266 19396 19366 
17627 17597 17598 
17623 16723 17593 
20265 20266 20295 
17624 16754 17654 
17593 16693 17563 
18434 18464 18463 
16663 16693 16692 
17681 16782 17652 
17682 16782 17652 
19394 19393 19423 
18434 19334 19363 
17713 17714 18613 
17713 17714 17743 
15822 16692 16722 
17564 17593 17563 
17593 16723 16693 
18434 19363 18463 
17651 18521 17621 
18551 17652 17651 
15912 16782 16811 
18492 18491 18462 
19483 18583 18584 
17621 17591 18491 
18521 18491 18492 
19363 18464 18463 
19334 19363 19333 
19423 19393 19422 
20295 20265 20294 
15766 16665 16666 
19452 19423 19422 
20294 19424 20324 
18585 19455 19485 
18585 19484 19455 
17715 17714 18614 
19453 18583 19483 
19453 18553 18583 
17625 16755 17655 
17597 16698 17627 
16727 17597 17627 
16727 17597 16698 
17713 16843 17743 
16728 17628 16729 
16844 17744 17714 
18584 18613 18583 
17652 18522 18551 
17683 16813 17712 
18522 18521 18551 
17683 18582 18553 
15850 16750 15880 
16751 17650 16750 
17531 17561 18431 
17621 17620 17591 
17590 17591 17620 
17620 16750 16720 
17591 17561 18461 
16720 17590 17620 
17561 18461 18431 
18465 18466 19365 
15945 15946 16845 
15945 15946 15975 
17717 17688 18587 
18586 19485 18585 
15074 15044 14145 
14987 14986 15886 
15974 15944 15074 
14022 13992 13122 
14084 13185 13214 
13184 14084 13214 
14144 13245 14145 
14112 13213 14113 
13182 13152 14052 
13153 13182 14052 
16847 16818 15948 
13182 14082 14081 
13153 14082 13182 
14051 13152 13122 
14051 13122 14021 
16727 16698 16728 
14081 13152 13182 
13122 13992 13092 
14021 13122 13092 
14081 14051 13152 
13152 14022 13122 
14053 13183 13153 
14082 13183 13153 
12977 13006 13906 
13876 12977 13006 
13061 13091 13961 
15075 15074 14175 
14175 15074 14145 
14146 13246 13217 
14116 13246 13217 
13185 13215 14114 
13214 13185 14114 
14119 15018 14089 
16789 15890 15919 
14117 14987 15016 
13968 13998 13069 
14060 14089 14989 
13099 13069 13969 
13215 14085 14115 
14778 15707 14808 
14778 15707 15678 
17567 16697 16667 
14144 13215 13245 
17627 16728 16727 
17627 16728 16698 
15709 15738 14809 
13998 14897 14927 
13935 13906 14805 
13935 13906 14835 
14834 14835 13935 
17655 17625 17626 
12977 13007 13906 
15890 15889 14990 
15919 15890 14990 
15887 16786 15857 
15886 15887 16786 
15047 15946 15076 
14116 13217 14087 
14117 14116 14087 
16756 16757 15857 
16756 16786 15857 
14085 14084 13185 
15885 16755 16785 
13215 13185 14085 
15708 14808 15707 
14144 13215 14114 
13216 13246 14116 
13216 13246 14145 
14990 15019 14090 
14990 14989 14090 
14059 13160 13189 
15798 14898 14928 
15860 16760 16759 
14960 15860 15889 
14960 15859 15860 
14987 14988 15887 
15919 15019 15948 
14059 13160 14060 
14959 15859 14960 
14119 14148 15018 
14119 15048 14148 
14087 13217 13188 
14028 14927 14898 
13998 14028 14927 
15797 15798 14898 
14901 15801 14931 
14929 14900 14030 
16729 15829 15859 
13999 13099 13969 
13099 13069 13998 
12977 13007 13877 
14839 14869 13969 
15861 14961 15890 
19427 19428 19398 
17594 17595 17624 
14902 15801 14901 
14902 15801 14931 
14960 14061 14090 
14029 14000 14030 
14002 14901 14031 
14931 14031 14901 
15019 15048 15948 
14990 15919 15019 
16759 15860 16789 
17688 16818 17717 
15075 15945 15974 
16846 17746 16847 
16757 15858 15887 
15046 14147 14117 
15046 14146 14117 
14117 13188 13218 
14117 13188 13217 
14084 14085 14114 
15048 15047 15947 
14984 14085 14114 
14084 14984 14114 
14146 14175 15075 
15045 14146 14175 
15075 15974 15074 
15017 14117 14147 
15944 16844 15945 
15015 14116 15016 
15015 14986 15016 
15944 15945 15974 
16728 17627 16757 
19306 19336 19307 
15019 14119 15048 
17716 17717 17746 
17717 17716 18616 
14176 15076 14147 
15046 14176 14147 
16760 17659 17630 
19457 18587 19486 
20295 20324 19425 
20325 20295 19425 
17598 18498 18468 
20266 20296 20295 
20236 20266 20265 
18404 18405 19304 
18404 18375 18405 
20236 19366 20265 
20236 20266 19366 
17658 17629 16759 
17658 17659 16759 
20325 19426 19425 
19428 18528 19398 
19455 19426 19425 
20325 19426 20296 
19484 19454 19455 
19456 19457 19427 
19368 19367 19397 
13969 14869 13999 
19425 19424 19454 
19425 19424 20324 
16728 15828 15829 
17627 17597 17626 
20266 20296 19396 
17507 16637 16608 
17507 16607 16608 
19485 18586 19456 
17567 16697 17597 
17629 16729 16730 
19457 19456 19486 
19368 19397 19398 
19364 18465 18464 
14960 14959 14060 
14989 14960 14060 
16728 15858 16757 
19276 18406 19305 
19276 19306 19305 
19276 19306 18406 
17598 18468 17568 
18529 18528 17629 
15890 16789 15860 
15889 15890 16789 
15829 16758 15859 
16730 17630 16731 
14989 14119 14089 
16697 15798 15797 
15860 15861 16760 
16729 15859 16759 
14989 14119 14090 
14090 14960 14990 
14001 13101 14000 
18496 18466 19366 
16698 15799 15798 
13099 13129 14028 
14059 14088 14089 
14059 13189 14088 
15860 14960 14961 
14990 15860 14960 
19335 19364 19365 
19335 18465 19365 
19335 18465 19364 
14029 14929 14928 
13938 13038 13937 
18585 19484 18584 
17656 17627 16757 
13998 13968 14897 
17716 18616 18586 
18585 18584 18614 
18528 17628 17629 
18585 17715 18614 
18529 18558 19428 
17746 17716 16846 
18528 19398 18498 
15797 16697 16696 
16847 17746 17717 
18587 18616 18586 
19426 19427 19397 
18585 18615 17715 
17714 17715 17744 
18615 17716 17715 
18586 17716 18615 
18466 17566 18465 
17716 16846 17745 
14117 13218 14118 
16697 17597 16698 
14959 14988 14089 
16846 16845 17745 
17715 17745 17716 
15947 15948 15048 
18585 18586 18615 
20295 20325 20296 
17594 17565 17564 
19455 19456 19485 
18436 18406 18435 
18468 19338 18438 
19456 19427 19426 
15890 15860 14990 
19397 19427 19398 
17625 17624 17595 
17626 17597 17596 
17597 17596 18496 
15734 16604 15705 
19427 19428 19457 
17476 18375 18346 
18435 18464 19364 
19428 18528 18529 
19305 19334 19335 
16789 15919 16818 
18497 18496 19396 
18498 19368 18468 
18497 19397 19396 
14988 14959 15858 
14988 14958 15858 
17566 18466 17596 
17567 17566 18466 
14990 14061 14090 
15858 16758 15859 
18467 17597 17567 
18467 18497 18468 
18467 17597 18497 
19398 19368 18498 
18498 19397 18497 
14986 14987 15016 
18497 18468 18498 
19397 18498 18468 
19367 18468 19397 
17537 17507 17536 
19338 19308 18438 
17507 18406 17506 
17536 17507 17506 
18435 18405 18406 
17535 17536 17565 
19306 19336 18407 
19305 19334 18435 
19305 18405 19334 
18376 18406 18405 
17506 18376 18405 
17506 18376 18406 
17565 17535 17564 
15828 15798 14928 
17566 17565 18465 
17566 17595 17565 
17626 17655 17656 
17596 17625 17595 
13189 13218 14118 
14088 13189 13218 
17598 17627 17628 
17655 16756 17656 
16607 17536 17506 
16607 17507 17536 
14087 13188 14088 
15887 16757 15857 
18376 18375 17476 
13188 13218 14088 
13935 14805 13905 
16575 16574 17474 
16575 16604 17474 
16575 16604 16574 
17655 16755 16785 
17655 16756 16785 
14899 15798 15828 
15799 14899 15828 
15799 14899 15798 
16575 15675 16604 
13905 14834 13935 
16666 16667 17566 
16696 16666 16667 
14776 15675 14775 
15797 14897 14927 
14088 14987 14117 
15829 15828 14929 
17567 16638 17537 
17627 16728 17628 
15889 16759 15860 
15889 16789 16759 
14990 14989 15889 
14028 14029 14928 
14029 13999 14899 
14146 14176 15075 
14088 14118 14988 
13999 14028 14898 
13999 14928 14898 
13999 14928 14028 
14897 13968 14867 
15769 14899 15799 
14778 15677 15678 
14985 15885 14986 
15946 15076 15975 
14985 14986 15015 
14085 14984 14985 
14146 15046 14176 
14115 13216 14116 
14115 14145 14116 
15884 14985 15885 
14115 14085 14985 
15885 16784 16755 
15884 14984 14985 
14145 14115 15015 
14116 14145 15015 
17715 16845 17744 
14115 14985 15015 
15946 16846 16845 
16845 16844 17744 
14176 15076 15075 
15075 15076 15975 
16847 15948 15947 
15047 14147 15076 
14146 13217 14117 
14146 14116 14117 
14116 14146 15016 
14145 14146 15045 
14145 14175 15045 
15858 14958 15887 
15016 14146 14117 
13160 14089 13189 
14030 13101 13130 
14000 13101 13130 
15859 15860 16759 
13936 14835 13906 
16846 15946 15947 
15946 15047 15947 
14958 15887 14988 
13130 14029 14000 
16847 15947 16846 
14117 14118 15017 
14147 15017 14118 
14147 15047 14118 
14961 15861 15860 
14087 14117 14088 
16789 16760 15890 
16729 16728 15829 
14959 15859 15858 
16789 16818 17688 
16789 17659 16760 
14929 14930 14030 
14148 14118 15018 
14118 15047 14148 
15829 14929 14930 
14990 14961 14061 
16759 17659 16760 
15830 16730 16759 
16759 16729 15830 
14901 14001 14900 
14929 15828 14928 
15831 16760 16731 
14961 15890 14990 
14000 14001 14030 
16760 17659 16730 
16668 16698 15769 
15830 16729 16730 
17629 16730 16759 
14961 14960 14061 
17659 17629 16730 
16729 17628 17629 
15831 16730 16731 
15890 15861 16760 
14901 14002 14902 
15829 16728 15799 
15829 15799 14929 
14929 15829 14900 
15769 14899 14869 
15799 15828 16728 
16637 15738 16638 
16697 16698 15798 
13999 13099 13129 
13999 13129 14029 
18376 18377 17477 
14001 14901 14930 
14029 14929 14899 
15829 14900 14930 
14900 15800 14930 
14900 15800 14901 
14902 14931 14002 
19367 18438 19337 
18468 19368 19338 
13968 13039 13938 
13907 13877 14777 
14777 15677 14778 
13909 14809 13939 
17446 17417 16547 
13878 12978 13877 
18438 18467 18468 
14867 13968 13938 
13069 13939 13969 
16637 17537 17566 
16667 17537 17566 
14778 13908 13878 
15739 15769 14869 
14839 15739 14869 
18438 18437 18467 
17536 16637 17507 
13877 13906 14776 
17567 16668 16638 
13906 13876 14776 
13877 13906 13876 
17537 17567 18466 
17446 17445 17416 
14809 14808 13909 
15645 15644 14745 
16638 16668 15739 
18434 18405 19334 
17567 16667 17537 
15734 14805 15705 
14835 14805 15705 
14835 15734 15705 
14835 15734 14805 
15615 15645 14745 
15615 15644 14745 
15615 15644 15645 
13907 13008 13937 
15709 15708 16608 
16576 16606 15677 
13878 13907 14777 
13008 13908 13878 
13878 13877 13907 
13936 14836 13907 
13937 13008 13038 
15616 15646 14746 
15766 15767 16666 
16666 15767 16696 
17447 16577 17477 
17476 17447 17477 
17476 17447 16577 
16635 15735 15736 
15765 16635 15736 
14716 15616 15586 
16547 17447 17417 
17446 17447 17417 
17446 16547 17447 
18347 18376 17477 
15675 15674 16574 
15646 14746 15645 
17537 16638 16637 
14716 15615 15586 
13904 14774 13875 
13874 13904 13875 
16634 16605 15735 
14775 15645 14745 
15677 14777 15676 
14775 14745 14746 
16666 17536 16636 
15764 15735 16664 
16635 15735 16664 
14778 14808 13908 
15765 16665 15736 
15645 15616 14746 
14867 13938 14837 
14778 13878 14777 
20264 19364 19365 
12978 13878 13008 
17566 17537 17536 
17505 17504 18404 
14867 15767 14897 
15797 15767 16696 
15677 15676 16576 
16575 16576 16605 
16575 17475 16605 
16575 17475 16576 
18347 18376 18377 
18347 17477 18377 
15675 15676 16575 
16665 16635 16636 
15735 15764 16634 
14809 15708 14808 
15709 14809 15708 
16575 15705 16604 
16575 16605 15705 
15645 15646 15616 
15645 14746 14745 
15734 15705 15735 
15676 16605 16576 
15675 15704 16604 
16574 15675 15704 
17505 18404 18375 
17505 18405 18375 
17444 17415 16545 
16575 15676 16605 
17475 18345 18375 
18405 18434 18435 
17415 17445 16545 
17415 17444 17445 
18375 18374 18345 
19368 19338 19367 
18376 18375 18346 
17535 17505 17534 
17535 17534 17564 
17535 17506 17536 
17537 17567 17566 
16636 17506 17535 
16636 17506 17536 
17566 18466 17537 
18467 17567 18437 
19337 19307 18437 
18407 19336 18437 
17506 17535 16606 
17535 16635 17505 
16606 17535 17505 
17505 17506 17535 
20265 19366 19365 
17566 17537 18436 
16636 17535 16635 
17537 17507 18407 
16606 16607 15707 
18406 18377 18407 
16607 15708 16608 
16546 17446 17416 
19336 19306 18436 
19335 19306 18436 
19335 19336 18436 
18407 19277 19307 
19305 19275 18405 
18438 18437 18408 
19306 19277 19307 
18407 19306 19277 
19306 18406 19335 
19367 19338 19337 
19337 19338 19308 
18406 19305 19335 
19306 19305 19335 
19335 19305 18435 
19304 19275 19305 
18346 17476 18376 
17446 17445 16546 
19367 18468 18438 
18438 17538 17568 
18438 18408 17538 
18438 19308 19337 
12975 13874 13875 
13937 14836 14837 
13906 13907 13007 
13907 13008 12978 
13876 13877 12977 
13909 13908 13009 
13039 13938 13009 
13938 14837 13937 
14836 13907 13937 
13904 12975 13004 
13874 12975 13004 
13875 12975 13005 
13875 12976 13005 
13904 13005 12975 
13904 13905 13005 
12976 13005 13905 
13905 12976 13006 
13876 12976 13006 
