18462 19332 19362 
18432 18462 19332 
19363 19392 19393 
17474 18344 18374 
17445 17474 17475 
17504 18374 18404 
17475 18374 18375 
17505 18375 18404 
17504 17505 18404 
16576 16605 17475 
16576 17475 17476 
16576 16606 17476 
16605 16606 17505 
15706 16576 16605 
15706 16605 16606 
15706 16576 16606 
16577 16606 17476 
16577 17476 17477 
17506 18376 18405 
17505 17506 18405 
17505 18375 18405 
17476 18375 18376 
18405 19275 19304 
18404 18405 19304 
18375 18404 18405 
18404 19274 19304 
18345 18374 18375 
18404 19274 19303 
18374 18403 18404 
18404 18433 19303 
18403 18404 18433 
18433 19303 19332 
18346 18375 18376 
14145 14175 15074 
14175 15074 15075 
15074 15075 15974 
13246 14145 14146 
14146 14175 15045 
14145 14175 15045 
14145 14146 15045 
15047 15076 15946 
15076 15946 15975 
15946 16845 16846 
16845 16846 17745 
16846 17716 17745 
16846 17716 17746 
17715 17716 18615 
17715 17716 17745 
16847 17717 17746 
15019 15919 15948 
15019 15048 15948 
14090 14119 15019 
14090 14990 15019 
14990 15019 15919 
14990 15890 15919 
14961 14990 15890 
14961 15861 15890 
19393 19394 19423 
19364 19393 19394 
19364 19394 20264 
19394 20264 20294 
19394 19424 20294 
19424 20294 20324 
18553 19423 19452 
18553 19423 19453 
18584 19454 19484 
18584 19454 19483 
19453 19454 19483 
19424 19453 19454 
19424 19425 19454 
19424 19425 20324 
19393 19422 19423 
19422 19423 19452 
18552 19422 19452 
17652 17682 18552 
17682 18552 18582 
14119 14148 15048 
15048 15947 15948 
15947 15948 16847 
15919 16789 16818 
15890 15919 16789 
13189 13218 14118 
13188 13217 14087 
13217 14087 14116 
13216 13246 14116 
13217 13246 14116 
13121 14020 14021 
14020 14021 14920 
14021 14920 14950 
14920 14950 15820 
14950 15820 15850 
14020 14919 14920 
14919 14920 15819 
14920 15790 15819 
14920 15790 15820 
15790 15820 16690 
15820 16690 16720 
15820 15850 16720 
15675 16575 16604 
16574 16575 16604 
15675 15704 16604 
15675 15704 16574 
16574 16603 16604 
15704 16574 16603 
16603 16604 16633 
15704 16604 16633 
15704 15733 16603 
15704 15733 16633 
15733 16632 16633 
16603 16632 16633 
15733 16603 16632 
14746 15645 15646 
14776 14777 15676 
14777 15676 15677 
13908 13938 14808 
13909 13938 14808 
13908 13909 13938 
13009 13908 13909 
13009 13039 13909 
13039 13909 13939 
17717 18587 18616 
18558 19428 19457 
18529 18558 19428 
17659 18529 18558 
17659 17688 18558 
14002 14031 14901 
14900 14901 15800 
14001 14900 14901 
14715 15585 15614 
15673 16543 16573 
15673 15674 16573 
15615 15644 15645 
15586 15615 15616 
16545 17415 17444 
13091 13121 14020 
13091 13990 14020 
13990 14889 14919 
19455 19456 19485 
17715 18585 18614 
17715 18585 18615 
15946 15947 16846 
15047 15946 15947 
15047 15048 15947 
14148 15047 15048 
14147 14176 15076 
14117 14147 15046 
14117 14146 15046 
14147 14176 15046 
14146 14176 15046 
13217 14117 14146 
14051 14081 14980 
14113 14143 15042 
14143 15042 15043 
15042 15043 15942 
15042 15912 15942 
15012 15042 15912 
15012 15911 15912 
15911 15912 16811 
13245 14144 14145 
14144 14145 15044 
14145 15044 15074 
16782 17652 17681 
16782 17652 17682 
15912 16782 16811 
15912 16782 16812 
15912 15942 16812 
15942 16812 16842 
15942 15943 16842 
15043 15942 15943 
15943 16813 16843 
15943 16813 16842 
16812 16813 17712 
16812 16813 16842 
14869 15739 15769 
14839 14869 15739 
13939 14809 14839 
13152 13182 14052 
13153 13182 14052 
13152 14022 14052 
13122 13152 14022 
14022 14052 14922 
14052 14922 14952 
14053 14082 14952 
14052 14053 14082 
14052 14082 14952 
13153 14052 14053 
15944 15945 15974 
15944 15945 16844 
15945 16844 16845 
16844 16845 17744 
15945 15946 16845 
15945 15946 15975 
14081 14980 14981 
14980 14981 15880 
14081 14082 14981 
13182 14081 14082 
13215 14085 14115 
13185 13215 14085 
13185 13215 14114 
13185 13214 14114 
13185 13214 14084 
13184 13214 14084 
13184 14083 14084 
13185 14084 14085 
14085 14114 14984 
14084 14085 14114 
14084 14114 14984 
14085 14984 14985 
13039 13069 13968 
13039 13938 13968 
13938 13968 14867 
13968 14867 14897 
13968 13998 14897 
13069 13968 13998 
13069 13099 13998 
13999 14869 14899 
14869 14899 15769 
14899 15769 15799 
19367 19368 19397 
19338 19367 19368 
20266 20295 20296 
20265 20266 20295 
20236 20265 20266 
19307 19336 19337 
19366 20236 20265 
18406 19276 19306 
18406 19276 19305 
19276 19305 19306 
19305 19306 19335 
19306 19335 19336 
19365 20235 20265 
19365 19366 20265 
19336 19365 19366 
19365 20235 20264 
19335 19364 19365 
19364 19365 20264 
19363 19364 19393 
19334 19363 19364 
19334 19335 19364 
19305 19334 19335 
19333 19334 19363 
19304 19333 19334 
19304 19305 19334 
19275 19304 19305 
19274 19303 19304 
19303 19304 19333 
15700 15730 16600 
15760 16630 16660 
16660 17530 17560 
16630 16660 17530 
16630 16631 17530 
16601 16631 17501 
16631 17501 17530 
15671 15672 16571 
14772 15671 15672 
15643 16543 16572 
15673 16543 16572 
15672 16542 16572 
15643 16542 16572 
15643 16513 16542 
18468 19338 19368 
18438 18468 19338 
18468 18498 19368 
18498 19368 19398 
16513 16542 16543 
16542 16543 16572 
16543 16572 16573 
16573 16602 17472 
16572 16573 16602 
16602 17472 17501 
14715 15585 15615 
14745 15615 15644 
14715 15614 15615 
13002 13032 13902 
13032 13902 13932 
13902 14772 14801 
13902 14801 14802 
14772 14801 15701 
14801 14802 15701 
14772 15672 15701 
14802 15701 15702 
15672 15701 16601 
15701 15702 16601 
15672 16572 16601 
15702 16572 16601 
15673 15702 16572 
15673 15702 15703 
14774 14803 15703 
18438 19308 19337 
18408 18437 18438 
18437 18438 18467 
18438 19337 19367 
18438 18467 18468 
18438 18468 19367 
18467 18468 18497 
19337 19338 19367 
19397 19426 20296 
19426 20296 20325 
19456 19457 19486 
18587 19457 19486 
18558 18587 19457 
17688 18558 18587 
18586 18587 19486 
18586 18587 18616 
17716 18586 18615 
17716 18586 18616 
18585 18586 19485 
18585 18586 18615 
18586 19456 19485 
18586 19456 19486 
17716 17717 18616 
17716 17717 17746 
19427 19456 19457 
19426 19427 19456 
19397 19426 19427 
19397 19398 19427 
19368 19397 19398 
19398 19427 19428 
19427 19428 19457 
19426 19455 19456 
19425 20295 20324 
19425 20295 20325 
20295 20296 20325 
20294 20295 20324 
20265 20294 20295 
16573 17443 17472 
16573 17443 17473 
16544 17443 17473 
16574 16603 17473 
15674 16574 16603 
14745 15644 15645 
14745 14775 15645 
14775 15674 15675 
15674 15675 16574 
14746 14775 15645 
14775 14776 15675 
13876 14775 14776 
12977 13876 13877 
13122 14021 14051 
13122 13152 14051 
13152 14051 14081 
13152 13182 14081 
13153 13182 14082 
13153 13183 14082 
13184 13213 14113 
13184 13214 14113 
13214 14113 14114 
14114 14143 15013 
14113 14143 15013 
14113 14114 15013 
14114 14144 15043 
14114 14143 15043 
14144 15043 15044 
18438 19308 19338 
16731 16760 17630 
16760 16789 17659 
16789 17659 17688 
16789 16818 17688 
16818 17688 17717 
17688 17717 18587 
16818 16847 17717 
16760 17630 17659 
17630 17659 18529 
14061 14960 14961 
13216 13246 14145 
13216 13245 14145 
13216 13245 14115 
13215 13245 14115 
13130 14000 14029 
13101 13130 14000 
16546 17416 17445 
17416 17445 17446 
17475 18345 18374 
16546 17445 17446 
16576 17446 17475 
16576 17446 17476 
16547 17446 17447 
17476 18346 18375 
17446 17475 17476 
17475 18345 18375 
17417 17446 17447 
17476 18346 18376 
17447 17476 17477 
17477 18347 18376 
17507 18377 18407 
17537 18407 18437 
17507 17537 18407 
16608 16637 17507 
17507 17536 17537 
16637 17507 17536 
17536 17537 17566 
16637 17536 17566 
16637 17537 17566 
16637 16638 17537 
15738 16608 16637 
15738 16637 16638 
15709 15738 16608 
17538 18408 18438 
17538 18408 18437 
17537 17538 18437 
17537 17538 17567 
16638 17537 17567 
16638 16668 17567 
17538 17567 17568 
17567 17568 17597 
16668 17567 17597 
16668 16698 17597 
17568 17597 17598 
15769 16668 16698 
15769 15799 16698 
16698 16728 17627 
16698 17597 17627 
17597 17598 17627 
16728 17627 17628 
17598 17627 17628 
16728 16729 17628 
15829 16728 16729 
17629 18528 18529 
18528 18529 19428 
18528 19398 19428 
18498 18528 19398 
17598 18468 18498 
17568 17598 18468 
17568 18438 18468 
17538 17568 18438 
15739 16638 16668 
15738 15739 16638 
14839 15738 15739 
14809 15709 15738 
14809 14839 15738 
13008 13038 13908 
13009 13038 13908 
12978 13007 13877 
12977 13007 13877 
12977 13006 13906 
12977 13007 13906 
13006 13905 13906 
13905 13934 14834 
13905 13935 14834 
13935 14834 14835 
14834 14835 15734 
14835 14864 15734 
14834 15734 15763 
14864 15734 15763 
14834 14863 15763 
14863 15762 15763 
14892 15762 15792 
14862 14892 15762 
14863 15733 15762 
14834 14863 15733 
14804 14833 14834 
14834 15704 15733 
14804 14805 14834 
14804 14805 15704 
14805 14834 15704 
15703 15704 15733 
14804 15674 15704 
14804 15674 15703 
15674 15704 16603 
15703 15704 16603 
15674 15703 16573 
15703 16573 16602 
16573 16602 17502 
16603 16632 17502 
16632 17502 17531 
16602 17502 17531 
16631 16632 17531 
16602 16631 17531 
15732 16631 16632 
15732 16602 16631 
15703 15732 16602 
15703 15732 16632 
15703 16603 16632 
16573 17473 17502 
16603 17473 17502 
14804 14833 15703 
14833 15703 15732 
15703 15732 15733 
14862 15732 15762 
14832 14862 15732 
14832 14833 15732 
13933 14832 14833 
14832 14861 14862 
13903 13932 13933 
13933 14803 14832 
14802 14832 15702 
13874 13903 13904 
13904 13933 14803 
13903 13904 13933 
13904 14774 14803 
13875 13904 14774 
13874 13875 13904 
12975 13874 13875 
12975 13004 13874 
13004 13874 13903 
13872 13902 14772 
13872 14771 14772 
14771 14772 15671 
13872 14771 14801 
13901 14800 14801 
14800 14801 15700 
14771 14801 15671 
14801 15700 15701 
14801 15671 15701 
15700 15701 16600 
15701 16571 16600 
15671 15701 16571 
14859 14860 15759 
13960 14859 14860 
13960 14859 14889 
13960 13990 14889 
18462 18491 18492 
18491 18492 18521 
18492 19362 19392 
18462 18492 19362 
18492 18522 19392 
18492 18521 18522 
18521 18522 18551 
17652 18522 18551 
17652 18522 18552 
18522 18552 19422 
18522 19392 19422 
16720 17590 17620 
16690 16720 17590 
16720 16750 17620 
16750 17620 17650 
15011 15012 15911 
14112 15011 15012 
14112 14113 15012 
14113 15012 15042 
13213 14112 14113 
13183 13213 14112 
13183 14082 14112 
14082 14112 15011 
14082 14981 15011 
13184 13213 14083 
13183 13213 14083 
13183 14053 14083 
13153 13183 14053 
13009 13038 13938 
13009 13039 13938 
13969 14839 14869 
13069 13939 13969 
13069 13099 13969 
12976 13875 13876 
14745 14746 14775 
14774 14775 15674 
13875 14774 14775 
15673 15674 15703 
14774 15674 15703 
14745 14746 15645 
14745 15615 15645 
14716 15615 15616 
14746 15616 15645 
16544 17414 17444 
14800 14830 15700 
14830 15700 15730 
14830 14860 15730 
14860 15730 15759 
13033 13903 13932 
13004 13033 13903 
13992 14891 14892 
14862 14891 14892 
13963 14833 14863 
13934 13963 14833 
13904 13933 14833 
13904 14804 14833 
13934 14804 14833 
13905 13934 14804 
13904 13905 14804 
13005 13904 13905 
13004 13904 13933 
12975 13004 13904 
12975 13005 13904 
13091 13121 13991 
13092 13121 13991 
13091 13961 13991 
13061 13091 13961 
13033 13932 13933 
13932 14831 14832 
14831 14832 15731 
14832 14861 15731 
14831 15731 15760 
14861 15731 15760 
14831 14860 15760 
14860 14861 15760 
13961 14831 14860 
13961 14860 14861 
13931 13932 14831 
13931 13961 14831 
13032 13931 13932 
13061 13960 13961 
13931 13961 14860 
13960 13961 14860 
13931 14830 14860 
13901 13931 14830 
14889 15759 15789 
14859 14889 15759 
14889 14919 15789 
14980 15850 15880 
14950 14980 15850 
15850 15880 16750 
15880 16750 16780 
15850 16720 16750 
16690 17560 17590 
17560 17561 17590 
17561 17590 17591 
17561 17591 18461 
17591 18461 18491 
18553 18583 19453 
18583 19453 19483 
18583 18584 19483 
18583 18584 18613 
17713 18583 18613 
17683 17713 18583 
16812 17682 17712 
16782 16812 17682 
17682 17683 17712 
17682 17683 18582 
17683 18553 18582 
17683 18553 18583 
16813 17683 17712 
16813 17683 17713 
16813 16843 17713 
16843 17713 17743 
16843 16844 17743 
15944 16843 16844 
16846 16847 17746 
15947 16846 16847 
17713 17714 18613 
17713 17714 17743 
17714 18584 18613 
17714 18584 18614 
16844 17714 17744 
16844 17714 17743 
18584 18585 19484 
18584 18585 18614 
18585 19455 19485 
18585 19455 19484 
19454 19455 19484 
19425 19454 19455 
16547 17417 17447 
18347 18376 18377 
16577 17447 17477 
13908 14778 14808 
13878 13908 14778 
14808 14809 15708 
14809 15708 15709 
15708 15709 16608 
16607 16608 17507 
17506 17507 17536 
16607 17506 17536 
16607 17507 17536 
15708 16607 16608 
15707 15708 16607 
14808 15707 15708 
14778 14808 15707 
14778 15678 15707 
15678 15707 16577 
15707 16606 16607 
16606 16607 17506 
15677 15707 16577 
15677 15707 16606 
15677 16576 16606 
16576 16577 16606 
16576 16577 17476 
16577 17447 17476 
14777 14778 15677 
13878 14777 14778 
14778 15677 15678 
15677 15678 16577 
15676 15677 16576 
16575 16576 17475 
16575 17445 17475 
15676 16576 16605 
15676 16575 16605 
16575 16576 16605 
15675 15676 16575 
14776 15675 15676 
16547 17417 17446 
16546 17416 17446 
17506 17507 18406 
17506 18376 18406 
17477 18376 18377 
17507 18377 18406 
13909 14808 14809 
13909 13939 14809 
14716 15586 15616 
14716 15586 15615 
15585 15614 15615 
18407 19277 19307 
18407 19277 19306 
18377 18406 18407 
18406 18407 18436 
18406 19306 19335 
18436 19306 19335 
18406 18435 18436 
17536 18435 18436 
17536 17565 18435 
17565 18435 18464 
17565 18464 18465 
18435 18464 19364 
18464 18465 19364 
18435 19335 19364 
18465 19335 19364 
17565 17566 18465 
16666 17536 17566 
17565 17566 17595 
16666 16667 17566 
16666 16667 16696 
16667 16696 16697 
16667 16697 17567 
16697 17567 17597 
17596 17597 18496 
17596 18466 18496 
17566 17596 18466 
17566 17567 18466 
17537 17566 17567 
16667 17537 17566 
16667 17537 17567 
18466 18496 19366 
17567 18437 18467 
17537 17567 18437 
17537 17567 18466 
17537 18436 18437 
17537 17566 18436 
17537 17566 18466 
17566 18465 18466 
17536 17566 18436 
18465 18466 19365 
18465 19335 19365 
18436 19335 19336 
18466 19336 19365 
18407 18437 19336 
18407 18436 18437 
18407 19306 19336 
18436 19306 19336 
18466 19336 19366 
18437 19336 19337 
18496 19366 19396 
18496 18497 19396 
17597 18496 18497 
17597 18467 18497 
17567 17597 18467 
17596 17597 17626 
16727 17626 17627 
16727 17597 17627 
17597 17626 17627 
16698 16727 17597 
16697 16698 17597 
15798 16697 16698 
15885 15886 16785 
14986 15885 15886 
14986 14987 15886 
13188 14087 14088 
15797 15798 16697 
14898 15797 15798 
14898 14927 15797 
14897 14927 15797 
14897 15767 15797 
14867 14897 15767 
15736 15766 16665 
15736 15765 16665 
14836 15735 15736 
15735 15736 16635 
15736 15765 16635 
15735 16635 16664 
15765 16635 16664 
15735 15764 16664 
14835 15735 15764 
14835 14864 15764 
13934 13963 14863 
13992 14022 14892 
14022 14892 14922 
14892 14922 15792 
14922 15792 15822 
13907 13937 14836 
13907 13936 14836 
14837 14867 15766 
13998 14897 14927 
15822 15823 16722 
16693 16722 16723 
15823 16722 16723 
15823 15853 16723 
15853 16723 16753 
16723 16724 16753 
14053 14952 14953 
14952 14953 15852 
14952 15822 15852 
14922 14952 15822 
15822 15823 15852 
14953 15852 15853 
15823 15852 15853 
14053 14083 14953 
14083 14953 14983 
14083 14113 14983 
14083 14084 14113 
14084 14113 14983 
14983 14984 15883 
14084 14983 14984 
14983 15853 15883 
15853 15854 15883 
15766 15767 16666 
14867 15766 15767 
15767 16666 16696 
15766 16665 16666 
16724 17594 17624 
16724 16754 17624 
14835 14836 15735 
13936 14835 14836 
14902 14931 15801 
14901 14930 15800 
14900 14930 15800 
14900 14930 15829 
14900 14929 15829 
14929 15799 15829 
14899 14929 15799 
14030 14900 14929 
14000 14029 14030 
14029 14899 14929 
13999 14029 14899 
13129 13999 14029 
13099 13129 13999 
13099 13129 14028 
13099 13998 14028 
13998 14028 14927 
13129 14028 14029 
14028 14029 14928 
14029 14928 14929 
14088 14987 14988 
13130 14029 14030 
13160 13189 14059 
13189 14059 14088 
13189 13218 14088 
13188 13218 14088 
14061 14090 14990 
14061 14961 14990 
13160 13189 14089 
13160 14060 14089 
14060 14089 14989 
14090 14119 14989 
14089 14119 14989 
14060 14960 14989 
14090 14960 14990 
14090 14989 14990 
14989 14990 15889 
14960 14989 15889 
14960 15860 15889 
14960 14990 15860 
14990 15889 15890 
14990 15860 15890 
15860 15890 16789 
15889 15890 16789 
15860 16759 16789 
15860 15889 16759 
15889 16759 16789 
14061 14090 14960 
13189 14089 14118 
13218 14117 14118 
14118 14147 15017 
14117 14118 15017 
14117 14147 15017 
14118 14148 15047 
14118 14147 15047 
14147 15047 15076 
14118 14148 15018 
14119 14148 15018 
14089 14118 15018 
14089 14119 15018 
13160 14059 14060 
14030 14929 14930 
14929 14930 15829 
14959 15858 15859 
15858 15859 16758 
15829 15859 16758 
15829 15858 16758 
15829 15859 16729 
15739 15769 16668 
19308 19337 19338 
19277 19306 19307 
19306 19307 19336 
18437 19307 19337 
18407 18437 19307 
15799 15829 16728 
15799 15828 16728 
15798 15799 16698 
16698 16727 16728 
16727 16728 17627 
16728 16757 17627 
16757 17627 17656 
16727 17627 17656 
16756 16757 17656 
16727 17626 17656 
17626 17655 17656 
16756 17655 17656 
16755 16785 17655 
16756 16785 17655 
15885 16755 16785 
16754 16755 17654 
16754 17624 17654 
17624 17625 17654 
17595 17624 17625 
17595 17596 17625 
17566 17595 17596 
17596 17625 17626 
17625 17626 17655 
16755 17625 17655 
16755 17625 17654 
15797 16696 16697 
17594 17595 17624 
17565 17594 17595 
16754 16755 16784 
15884 16754 16784 
15854 15884 16754 
15854 16753 16754 
16724 16753 16754 
15853 15854 16753 
13092 13122 13992 
13092 13991 13992 
13961 13991 14861 
13991 14861 14891 
14861 14862 14891 
13992 14021 14891 
13991 13992 14021 
13991 14021 14891 
15765 16664 16665 
17563 17564 17593 
17534 17563 17564 
16664 17534 17563 
16635 16664 17534 
16635 16664 16665 
16635 16636 17535 
16635 16636 16665 
16636 16665 16666 
16636 16666 17536 
17535 17536 17565 
17506 17535 17536 
16636 17506 17535 
16636 17506 17536 
17535 17564 17565 
17564 17565 17594 
17564 17593 17594 
17593 17594 17623 
16724 17594 17623 
16723 16724 17623 
16723 17593 17623 
16693 16723 17593 
16693 17563 17593 
16663 16693 17563 
16663 16664 17563 
15764 16663 16664 
15734 15763 15764 
15764 16634 16663 
15735 15764 16634 
15734 15735 15764 
15705 15734 15735 
15705 15734 16604 
15734 16604 16633 
16604 16633 16634 
16633 16663 17533 
16633 16634 17533 
16663 17533 17563 
16634 17533 17563 
16634 16663 17563 
15734 15763 16633 
16633 16662 16663 
15763 16633 16662 
16662 16663 16692 
15792 16662 16692 
15762 15792 16662 
15762 15763 16662 
15792 15822 16692 
15822 16692 16722 
16692 16693 16722 
16663 16692 16693 
14864 15763 15764 
16604 16605 16634 
15735 16605 16634 
15706 15735 16605 
15705 15706 16605 
15705 15706 15735 
15705 16575 16604 
15705 16575 16605 
16604 16605 17504 
16575 16605 17475 
16575 17474 17475 
16575 16604 17474 
16604 17474 17503 
17474 18373 18403 
17503 18373 18403 
17473 17474 17503 
17503 18373 18402 
17473 17502 17503 
17502 17503 18402 
17443 17444 17473 
17414 17443 17444 
17472 17473 17502 
17443 17472 17473 
17532 18402 18431 
17502 17532 18402 
17531 17532 18431 
17502 17531 17532 
17501 17502 17531 
17472 17501 17502 
17530 17531 17560 
18402 18431 18432 
18431 18432 18461 
17561 18431 18461 
17590 17591 17620 
17591 17621 18491 
17621 18491 18521 
17621 17651 18521 
17651 18521 18551 
17651 17652 17681 
17651 17652 18551 
16751 17621 17650 
16751 17621 17651 
16751 16781 17651 
15881 16751 16780 
15881 16751 16781 
15881 15911 16781 
15911 16781 16811 
16781 17651 17681 
16781 16782 16811 
16781 16782 17681 
15011 15881 15911 
14981 15011 15881 
14981 15880 15881 
15880 15881 16780 
16750 16751 17650 
16750 16751 16780 
17620 17621 17650 
19332 19333 19362 
19303 19332 19333 
18402 18403 18432 
18373 18402 18403 
18373 18374 18403 
18344 18373 18374 
17415 17444 17445 
17474 18344 18373 
17444 17473 17474 
16545 17444 17445 
16575 17445 17474 
16574 16575 17474 
16574 17444 17474 
16574 17444 17473 
16544 17444 17473 
18432 18433 19332 
18403 18432 18433 
19333 19362 19363 
19362 19363 19392 
16600 16601 16630 
16571 16600 16601 
15730 16600 16630 
15790 16660 16690 
15760 15790 16660 
15760 15789 15790 
15759 15760 15789 
15730 15759 15760 
15730 15760 16630 
15789 15790 15819 
16660 16690 17560 
13008 13038 13937 
13008 13907 13937 
13038 13937 13938 
13937 13938 14837 
13938 14837 14867 
13937 14836 14837 
14836 14837 15736 
14837 15736 15766 
12976 13006 13876 
12977 13006 13876 
12976 13006 13905 
12976 13005 13905 
13002 13901 13902 
13901 13902 14801 
13872 13902 14801 
13002 13032 13931 
13002 13901 13931 
17591 17620 17621 
17531 17561 18431 
17531 17560 17561 
18432 18461 18462 
18461 18462 18491 
17501 17530 17531 
17504 17533 18403 
17503 18403 18432 
17533 18403 18432 
17503 17532 18432 
17532 17533 18432 
16633 17532 17533 
16633 17503 17532 
16604 16633 17503 
16604 16633 17533 
16604 17504 17533 
17504 18374 18403 
17474 18374 18403 
17534 17535 17564 
17505 17534 17535 
16635 17505 17534 
16635 17505 17535 
12975 13005 13875 
12976 13005 13875 
13122 13992 14022 
14953 14983 15853 
14984 15883 15884 
15854 15883 15884 
14984 14985 15884 
14985 15884 15885 
15884 15885 16784 
15885 16755 16784 
13216 14115 14116 
14115 14985 15015 
14085 14115 14985 
14985 14986 15015 
14985 14986 15885 
14116 15015 15016 
14986 15015 15016 
14986 14987 15016 
14117 14987 15016 
14088 14117 14987 
14087 14088 14117 
14087 14116 14117 
14116 14117 14146 
14117 14146 15016 
14116 14146 15016 
14116 14145 15015 
14115 14145 15015 
14115 14116 14145 
15857 16756 16757 
15858 16728 16757 
15829 15858 16728 
15828 15829 16728 
14929 15828 15829 
14959 14988 15858 
14958 14988 15858 
14958 15858 15887 
15857 15887 16757 
15858 15887 16757 
14987 14988 15887 
14958 14988 15887 
14987 15886 15887 
15857 15887 16786 
15886 15887 16786 
15857 16756 16786 
15886 16785 16786 
16756 16785 16786 
14028 14898 14927 
13999 14028 14898 
13999 14898 14928 
13999 14028 14928 
14898 14928 15798 
14928 15798 15828 
14928 14929 15828 
14899 15798 15828 
14899 15799 15828 
14899 15798 15799 
13101 14000 14001 
14001 14030 14900 
14000 14001 14030 
15830 16729 16730 
16729 16730 17629 
17598 17628 18498 
17628 18498 18528 
17628 17629 18528 
16729 17628 17629 
16730 17629 17630 
17629 17630 18529 
16730 16731 17630 
15831 16730 16731 
15830 16729 16759 
15859 16729 16759 
15859 15860 16759 
15830 16730 16759 
14031 14901 14931 
14001 14901 14930 
14001 14030 14930 
13101 14001 14030 
13101 13130 14030 
14060 14959 14960 
14959 14960 15859 
14960 15859 15860 
14901 14931 15801 
14960 14961 15860 
14002 14031 14931 
14002 14902 14931 
14961 15860 15861 
15860 15861 16760 
15831 16730 16760 
15860 16759 16760 
16730 16760 17659 
16759 16760 17659 
16730 17629 17659 
16730 16759 17629 
16759 17629 17658 
16759 17658 17659 
17629 17659 18558 
17658 17659 18558 
17629 18528 18558 
17629 17658 18528 
17658 18528 18558 
15831 16731 16760 
14901 14902 15801 
14002 14901 14902 
14060 14089 14959 
14059 14060 14089 
14089 14959 14988 
14059 14088 14089 
14089 14118 14988 
14088 14089 14118 
14088 14118 14988 
13906 13936 14835 
13906 13935 14835 
13007 13906 13907 
13906 13936 14806 
13907 13936 14806 
13906 13907 14806 
15767 15797 16696 
12978 13007 13907 
12978 13008 13907 
13934 14833 14834 
13934 14833 14863 
18435 19305 19335 
18406 19305 19335 
18405 18406 18435 
18376 18405 18406 
18405 19275 19305 
18435 19305 19334 
18405 19305 19334 
18405 18434 18435 
18405 18434 19334 
18435 18464 19334 
18434 18435 18464 
18464 19334 19363 
18434 19334 19363 
18463 18464 19363 
18434 18463 18464 
18434 18463 19363 
17714 17715 18614 
17714 17715 17744 
18552 18553 19452 
18552 18553 18582 
14919 15789 15819 
14021 14051 14950 
14051 14950 14980 
13061 13091 13990 
13061 13960 13990 
13901 14800 14830 
13004 13033 13933 
16544 17414 17443 
15616 15645 15646 
13875 13905 14775 
13876 13905 14775 
13875 13876 13905 
13039 13069 13939 
13099 13969 13999 
13969 13999 14869 
13939 13969 14839 
15643 16513 16543 
14832 15702 15732 
14803 14832 15732 
15702 15703 15732 
14803 15703 15732 
13932 14802 14832 
13902 13932 14802 
15732 15762 16632 
15732 15733 16632 
15762 16632 16662 
15733 15762 16662 
15733 16632 16662 
13905 13906 14805 
13905 13935 14805 
13906 13935 14805 
12978 13877 13878 
13877 13907 14777 
13878 13907 14777 
13877 13878 13907 
13877 14776 14777 
14746 15616 15646 
12978 13008 13878 
13008 13878 13908 
17477 18347 18377 
16545 17415 17445 
13217 13246 14146 
15861 15890 16760 
15890 16760 16789 
15043 15044 15943 
15044 15074 15944 
15074 15944 15974 
15044 15943 15944 
15943 15944 16843 
13215 14114 14144 
13215 13245 14144 
13092 13121 14021 
13092 13122 14021 
13876 13906 14776 
13877 13906 14776 
13876 13877 13906 
20235 20264 20265 
20264 20265 20294 
19425 19426 20325 
19425 19426 19455 
19396 19397 20296 
18497 19396 19397 
18468 19367 19397 
18468 18497 18498 
18468 18498 19397 
18497 18498 19397 
19396 20266 20296 
19366 19396 20266 
19366 20236 20266 
15672 16542 16571 
16542 16571 16572 
16571 16572 16601 
16601 16602 17501 
16572 16601 16602 
15731 16601 16631 
15731 16601 16630 
15731 16630 16631 
15075 15945 15974 
15075 15945 15975 
14146 14176 15075 
14146 14175 15075 
14176 15075 15076 
15075 15076 15975 
13188 13218 14117 
13188 13217 14117 
16845 17715 17744 
16845 17715 17745 
13990 14020 14919 
15919 15948 16818 
15948 16818 16847 
14119 15019 15048 
19392 19393 19422 
19423 19424 19453 
19394 19423 19424 
17505 17506 17535 
16606 17505 17535 
16606 17506 17535 
16605 17505 17534 
16605 17504 17534 
17504 17505 17534 
