3.311000000000000000e+03 3.331000000000000000e+03 3.711000000000000000e+03
3.311000000000000000e+03 3.331000000000000000e+03 3.730000000000000000e+03
3.311000000000000000e+03 3.710000000000000000e+03 3.711000000000000000e+03
3.311000000000000000e+03 3.710000000000000000e+03 3.730000000000000000e+03
3.312000000000000000e+03 3.332000000000000000e+03 3.712000000000000000e+03
3.312000000000000000e+03 3.332000000000000000e+03 3.731000000000000000e+03
3.312000000000000000e+03 3.711000000000000000e+03 3.712000000000000000e+03
3.312000000000000000e+03 3.711000000000000000e+03 3.731000000000000000e+03
3.313000000000000000e+03 3.333000000000000000e+03 3.713000000000000000e+03
3.313000000000000000e+03 3.333000000000000000e+03 3.732000000000000000e+03
3.313000000000000000e+03 3.712000000000000000e+03 3.713000000000000000e+03
3.313000000000000000e+03 3.712000000000000000e+03 3.732000000000000000e+03
3.314000000000000000e+03 3.334000000000000000e+03 3.714000000000000000e+03
3.314000000000000000e+03 3.334000000000000000e+03 3.733000000000000000e+03
3.314000000000000000e+03 3.713000000000000000e+03 3.714000000000000000e+03
3.314000000000000000e+03 3.713000000000000000e+03 3.733000000000000000e+03
3.330000000000000000e+03 3.331000000000000000e+03 3.730000000000000000e+03
3.330000000000000000e+03 3.710000000000000000e+03 3.730000000000000000e+03
3.331000000000000000e+03 3.332000000000000000e+03 3.731000000000000000e+03
3.331000000000000000e+03 3.711000000000000000e+03 3.731000000000000000e+03
3.332000000000000000e+03 3.352000000000000000e+03 3.732000000000000000e+03
3.332000000000000000e+03 3.712000000000000000e+03 3.732000000000000000e+03
3.333000000000000000e+03 3.334000000000000000e+03 3.733000000000000000e+03
3.333000000000000000e+03 3.353000000000000000e+03 3.752000000000000000e+03
3.333000000000000000e+03 3.713000000000000000e+03 3.733000000000000000e+03
3.333000000000000000e+03 3.732000000000000000e+03 3.752000000000000000e+03
3.334000000000000000e+03 3.335000000000000000e+03 3.734000000000000000e+03
3.334000000000000000e+03 3.714000000000000000e+03 3.734000000000000000e+03
3.335000000000000000e+03 3.355000000000000000e+03 3.735000000000000000e+03
3.335000000000000000e+03 3.734000000000000000e+03 3.735000000000000000e+03
3.352000000000000000e+03 3.353000000000000000e+03 3.752000000000000000e+03
3.352000000000000000e+03 3.732000000000000000e+03 3.752000000000000000e+03
3.443000000000000000e+03 3.444000000000000000e+03 3.843000000000000000e+03
3.444000000000000000e+03 3.445000000000000000e+03 3.844000000000000000e+03
3.444000000000000000e+03 3.843000000000000000e+03 3.844000000000000000e+03
3.445000000000000000e+03 3.844000000000000000e+03 3.845000000000000000e+03
3.623000000000000000e+03 3.643000000000000000e+03 4.023000000000000000e+03
3.623000000000000000e+03 4.022000000000000000e+03 4.023000000000000000e+03
3.643000000000000000e+03 3.644000000000000000e+03 4.043000000000000000e+03
3.643000000000000000e+03 4.023000000000000000e+03 4.043000000000000000e+03
3.644000000000000000e+03 3.645000000000000000e+03 4.044000000000000000e+03
3.644000000000000000e+03 4.043000000000000000e+03 4.044000000000000000e+03
3.645000000000000000e+03 4.044000000000000000e+03 4.045000000000000000e+03
3.707000000000000000e+03 3.727000000000000000e+03 4.107000000000000000e+03
3.707000000000000000e+03 3.727000000000000000e+03 4.126000000000000000e+03
3.707000000000000000e+03 4.106000000000000000e+03 4.107000000000000000e+03
3.707000000000000000e+03 4.106000000000000000e+03 4.126000000000000000e+03
3.708000000000000000e+03 3.709000000000000000e+03 4.108000000000000000e+03
3.708000000000000000e+03 3.728000000000000000e+03 4.127000000000000000e+03
3.708000000000000000e+03 4.107000000000000000e+03 4.108000000000000000e+03
3.708000000000000000e+03 4.107000000000000000e+03 4.127000000000000000e+03
3.709000000000000000e+03 3.710000000000000000e+03 4.109000000000000000e+03
3.709000000000000000e+03 4.108000000000000000e+03 4.109000000000000000e+03
3.710000000000000000e+03 3.711000000000000000e+03 4.110000000000000000e+03
3.710000000000000000e+03 4.109000000000000000e+03 4.110000000000000000e+03
3.711000000000000000e+03 3.712000000000000000e+03 4.111000000000000000e+03
3.711000000000000000e+03 4.110000000000000000e+03 4.111000000000000000e+03
3.725000000000000000e+03 3.745000000000000000e+03 4.125000000000000000e+03
3.725000000000000000e+03 3.745000000000000000e+03 4.144000000000000000e+03
3.725000000000000000e+03 4.124000000000000000e+03 4.125000000000000000e+03
3.725000000000000000e+03 4.124000000000000000e+03 4.144000000000000000e+03
3.726000000000000000e+03 3.727000000000000000e+03 4.126000000000000000e+03
3.726000000000000000e+03 3.746000000000000000e+03 4.145000000000000000e+03
3.726000000000000000e+03 4.125000000000000000e+03 4.126000000000000000e+03
3.726000000000000000e+03 4.125000000000000000e+03 4.145000000000000000e+03
3.727000000000000000e+03 3.728000000000000000e+03 4.127000000000000000e+03
3.727000000000000000e+03 4.107000000000000000e+03 4.127000000000000000e+03
3.744000000000000000e+03 3.764000000000000000e+03 4.144000000000000000e+03
3.744000000000000000e+03 4.124000000000000000e+03 4.144000000000000000e+03
3.745000000000000000e+03 3.765000000000000000e+03 4.145000000000000000e+03
3.745000000000000000e+03 3.765000000000000000e+03 4.164000000000000000e+03
3.745000000000000000e+03 4.125000000000000000e+03 4.145000000000000000e+03
3.745000000000000000e+03 4.144000000000000000e+03 4.164000000000000000e+03
3.746000000000000000e+03 3.766000000000000000e+03 4.146000000000000000e+03
3.746000000000000000e+03 4.145000000000000000e+03 4.146000000000000000e+03
3.764000000000000000e+03 3.784000000000000000e+03 4.164000000000000000e+03
3.764000000000000000e+03 4.144000000000000000e+03 4.164000000000000000e+03
3.765000000000000000e+03 3.785000000000000000e+03 4.165000000000000000e+03
3.765000000000000000e+03 3.785000000000000000e+03 4.184000000000000000e+03
3.765000000000000000e+03 4.145000000000000000e+03 4.165000000000000000e+03
3.765000000000000000e+03 4.164000000000000000e+03 4.184000000000000000e+03
3.766000000000000000e+03 4.146000000000000000e+03 4.166000000000000000e+03
3.784000000000000000e+03 3.785000000000000000e+03 4.184000000000000000e+03
3.784000000000000000e+03 4.164000000000000000e+03 4.184000000000000000e+03
3.785000000000000000e+03 3.805000000000000000e+03 4.185000000000000000e+03
3.785000000000000000e+03 4.165000000000000000e+03 4.185000000000000000e+03
3.843000000000000000e+03 3.844000000000000000e+03 4.243000000000000000e+03
3.844000000000000000e+03 3.845000000000000000e+03 4.244000000000000000e+03
3.844000000000000000e+03 4.243000000000000000e+03 4.244000000000000000e+03
3.845000000000000000e+03 4.244000000000000000e+03 4.245000000000000000e+03
4.022000000000000000e+03 4.023000000000000000e+03 4.422000000000000000e+03
4.023000000000000000e+03 4.043000000000000000e+03 4.442000000000000000e+03
4.023000000000000000e+03 4.422000000000000000e+03 4.442000000000000000e+03
4.043000000000000000e+03 4.044000000000000000e+03 4.443000000000000000e+03
4.043000000000000000e+03 4.442000000000000000e+03 4.443000000000000000e+03
4.044000000000000000e+03 4.045000000000000000e+03 4.444000000000000000e+03
4.044000000000000000e+03 4.443000000000000000e+03 4.444000000000000000e+03
4.045000000000000000e+03 4.046000000000000000e+03 4.445000000000000000e+03
4.045000000000000000e+03 4.444000000000000000e+03 4.445000000000000000e+03
4.046000000000000000e+03 4.066000000000000000e+03 4.465000000000000000e+03
4.046000000000000000e+03 4.445000000000000000e+03 4.465000000000000000e+03
4.066000000000000000e+03 4.067000000000000000e+03 4.466000000000000000e+03
4.066000000000000000e+03 4.465000000000000000e+03 4.466000000000000000e+03
4.067000000000000000e+03 4.087000000000000000e+03 4.467000000000000000e+03
4.067000000000000000e+03 4.466000000000000000e+03 4.467000000000000000e+03
4.068000000000000000e+03 4.088000000000000000e+03 4.468000000000000000e+03
4.068000000000000000e+03 4.088000000000000000e+03 4.487000000000000000e+03
4.068000000000000000e+03 4.467000000000000000e+03 4.468000000000000000e+03
4.068000000000000000e+03 4.467000000000000000e+03 4.487000000000000000e+03
4.084000000000000000e+03 4.085000000000000000e+03 4.484000000000000000e+03
4.084000000000000000e+03 4.104000000000000000e+03 4.484000000000000000e+03
4.085000000000000000e+03 4.086000000000000000e+03 4.485000000000000000e+03
4.085000000000000000e+03 4.105000000000000000e+03 4.485000000000000000e+03
4.085000000000000000e+03 4.105000000000000000e+03 4.504000000000000000e+03
4.085000000000000000e+03 4.484000000000000000e+03 4.504000000000000000e+03
4.086000000000000000e+03 4.087000000000000000e+03 4.486000000000000000e+03
4.086000000000000000e+03 4.106000000000000000e+03 4.486000000000000000e+03
4.086000000000000000e+03 4.106000000000000000e+03 4.505000000000000000e+03
4.086000000000000000e+03 4.485000000000000000e+03 4.505000000000000000e+03
4.087000000000000000e+03 4.107000000000000000e+03 4.487000000000000000e+03
4.087000000000000000e+03 4.107000000000000000e+03 4.506000000000000000e+03
4.087000000000000000e+03 4.467000000000000000e+03 4.487000000000000000e+03
4.087000000000000000e+03 4.486000000000000000e+03 4.506000000000000000e+03
4.104000000000000000e+03 4.124000000000000000e+03 4.504000000000000000e+03
4.104000000000000000e+03 4.484000000000000000e+03 4.504000000000000000e+03
4.105000000000000000e+03 4.125000000000000000e+03 4.505000000000000000e+03
4.105000000000000000e+03 4.125000000000000000e+03 4.524000000000000000e+03
4.105000000000000000e+03 4.485000000000000000e+03 4.505000000000000000e+03
4.105000000000000000e+03 4.504000000000000000e+03 4.524000000000000000e+03
4.106000000000000000e+03 4.107000000000000000e+03 4.506000000000000000e+03
4.106000000000000000e+03 4.126000000000000000e+03 4.525000000000000000e+03
4.106000000000000000e+03 4.486000000000000000e+03 4.506000000000000000e+03
4.106000000000000000e+03 4.505000000000000000e+03 4.525000000000000000e+03
4.124000000000000000e+03 4.125000000000000000e+03 4.524000000000000000e+03
4.124000000000000000e+03 4.504000000000000000e+03 4.524000000000000000e+03
4.125000000000000000e+03 4.126000000000000000e+03 4.525000000000000000e+03
4.125000000000000000e+03 4.505000000000000000e+03 4.525000000000000000e+03
4.211000000000000000e+03 4.212000000000000000e+03 4.611000000000000000e+03
4.212000000000000000e+03 4.611000000000000000e+03 4.612000000000000000e+03
4.243000000000000000e+03 4.244000000000000000e+03 4.643000000000000000e+03
4.244000000000000000e+03 4.245000000000000000e+03 4.644000000000000000e+03
4.244000000000000000e+03 4.264000000000000000e+03 4.644000000000000000e+03
4.244000000000000000e+03 4.264000000000000000e+03 4.663000000000000000e+03
4.244000000000000000e+03 4.643000000000000000e+03 4.663000000000000000e+03
4.245000000000000000e+03 4.246000000000000000e+03 4.645000000000000000e+03
4.245000000000000000e+03 4.265000000000000000e+03 4.645000000000000000e+03
4.245000000000000000e+03 4.265000000000000000e+03 4.664000000000000000e+03
4.245000000000000000e+03 4.644000000000000000e+03 4.664000000000000000e+03
4.246000000000000000e+03 4.645000000000000000e+03 4.646000000000000000e+03
4.264000000000000000e+03 4.644000000000000000e+03 4.664000000000000000e+03
4.264000000000000000e+03 4.663000000000000000e+03 4.664000000000000000e+03
4.265000000000000000e+03 4.645000000000000000e+03 4.665000000000000000e+03
4.265000000000000000e+03 4.664000000000000000e+03 4.665000000000000000e+03
4.422000000000000000e+03 4.442000000000000000e+03 4.822000000000000000e+03
4.442000000000000000e+03 4.443000000000000000e+03 4.842000000000000000e+03
4.442000000000000000e+03 4.822000000000000000e+03 4.842000000000000000e+03
4.443000000000000000e+03 4.444000000000000000e+03 4.843000000000000000e+03
4.443000000000000000e+03 4.842000000000000000e+03 4.843000000000000000e+03
4.444000000000000000e+03 4.445000000000000000e+03 4.844000000000000000e+03
4.444000000000000000e+03 4.843000000000000000e+03 4.844000000000000000e+03
4.445000000000000000e+03 4.465000000000000000e+03 4.845000000000000000e+03
4.445000000000000000e+03 4.844000000000000000e+03 4.845000000000000000e+03
4.446000000000000000e+03 4.466000000000000000e+03 4.846000000000000000e+03
4.446000000000000000e+03 4.466000000000000000e+03 4.865000000000000000e+03
4.446000000000000000e+03 4.845000000000000000e+03 4.846000000000000000e+03
4.446000000000000000e+03 4.845000000000000000e+03 4.865000000000000000e+03
4.447000000000000000e+03 4.467000000000000000e+03 4.847000000000000000e+03
4.447000000000000000e+03 4.467000000000000000e+03 4.866000000000000000e+03
4.447000000000000000e+03 4.846000000000000000e+03 4.847000000000000000e+03
4.447000000000000000e+03 4.846000000000000000e+03 4.866000000000000000e+03
4.465000000000000000e+03 4.466000000000000000e+03 4.865000000000000000e+03
4.465000000000000000e+03 4.845000000000000000e+03 4.865000000000000000e+03
4.466000000000000000e+03 4.467000000000000000e+03 4.866000000000000000e+03
4.466000000000000000e+03 4.846000000000000000e+03 4.866000000000000000e+03
4.467000000000000000e+03 4.468000000000000000e+03 4.867000000000000000e+03
4.467000000000000000e+03 4.847000000000000000e+03 4.867000000000000000e+03
4.611000000000000000e+03 4.612000000000000000e+03 5.011000000000000000e+03
4.611000000000000000e+03 4.631000000000000000e+03 5.011000000000000000e+03
4.611000000000000000e+03 4.631000000000000000e+03 5.030000000000000000e+03
4.611000000000000000e+03 5.010000000000000000e+03 5.030000000000000000e+03
4.612000000000000000e+03 4.613000000000000000e+03 5.012000000000000000e+03
4.612000000000000000e+03 4.632000000000000000e+03 5.012000000000000000e+03
4.612000000000000000e+03 4.632000000000000000e+03 5.031000000000000000e+03
4.612000000000000000e+03 5.011000000000000000e+03 5.031000000000000000e+03
4.613000000000000000e+03 5.012000000000000000e+03 5.013000000000000000e+03
4.630000000000000000e+03 5.010000000000000000e+03 5.030000000000000000e+03
4.630000000000000000e+03 5.029000000000000000e+03 5.030000000000000000e+03
4.631000000000000000e+03 5.011000000000000000e+03 5.031000000000000000e+03
4.631000000000000000e+03 5.030000000000000000e+03 5.031000000000000000e+03
4.632000000000000000e+03 5.012000000000000000e+03 5.032000000000000000e+03
4.632000000000000000e+03 5.031000000000000000e+03 5.032000000000000000e+03
4.645000000000000000e+03 4.646000000000000000e+03 5.045000000000000000e+03
4.645000000000000000e+03 4.665000000000000000e+03 5.045000000000000000e+03
4.646000000000000000e+03 4.647000000000000000e+03 5.046000000000000000e+03
4.646000000000000000e+03 4.666000000000000000e+03 5.046000000000000000e+03
4.646000000000000000e+03 4.666000000000000000e+03 5.065000000000000000e+03
4.646000000000000000e+03 5.045000000000000000e+03 5.065000000000000000e+03
4.647000000000000000e+03 4.648000000000000000e+03 5.047000000000000000e+03
4.647000000000000000e+03 5.046000000000000000e+03 5.047000000000000000e+03
4.648000000000000000e+03 5.047000000000000000e+03 5.048000000000000000e+03
4.663000000000000000e+03 4.664000000000000000e+03 5.063000000000000000e+03
4.664000000000000000e+03 4.665000000000000000e+03 5.064000000000000000e+03
4.664000000000000000e+03 5.063000000000000000e+03 5.064000000000000000e+03
4.665000000000000000e+03 5.045000000000000000e+03 5.065000000000000000e+03
4.665000000000000000e+03 5.064000000000000000e+03 5.065000000000000000e+03
4.666000000000000000e+03 5.046000000000000000e+03 5.066000000000000000e+03
4.666000000000000000e+03 5.065000000000000000e+03 5.066000000000000000e+03
4.842000000000000000e+03 4.843000000000000000e+03 5.242000000000000000e+03
4.843000000000000000e+03 4.844000000000000000e+03 5.243000000000000000e+03
4.843000000000000000e+03 5.242000000000000000e+03 5.243000000000000000e+03
4.844000000000000000e+03 4.845000000000000000e+03 5.244000000000000000e+03
4.844000000000000000e+03 5.243000000000000000e+03 5.244000000000000000e+03
5.012000000000000000e+03 5.013000000000000000e+03 5.412000000000000000e+03
5.012000000000000000e+03 5.032000000000000000e+03 5.412000000000000000e+03
5.013000000000000000e+03 5.014000000000000000e+03 5.413000000000000000e+03
5.013000000000000000e+03 5.033000000000000000e+03 5.413000000000000000e+03
5.013000000000000000e+03 5.033000000000000000e+03 5.432000000000000000e+03
5.013000000000000000e+03 5.412000000000000000e+03 5.432000000000000000e+03
5.014000000000000000e+03 5.413000000000000000e+03 5.414000000000000000e+03
5.029000000000000000e+03 5.030000000000000000e+03 5.429000000000000000e+03
5.029000000000000000e+03 5.049000000000000000e+03 5.429000000000000000e+03
5.030000000000000000e+03 5.031000000000000000e+03 5.430000000000000000e+03
5.030000000000000000e+03 5.050000000000000000e+03 5.430000000000000000e+03
5.030000000000000000e+03 5.050000000000000000e+03 5.449000000000000000e+03
5.030000000000000000e+03 5.429000000000000000e+03 5.449000000000000000e+03
5.031000000000000000e+03 5.032000000000000000e+03 5.431000000000000000e+03
5.031000000000000000e+03 5.430000000000000000e+03 5.431000000000000000e+03
5.032000000000000000e+03 5.412000000000000000e+03 5.432000000000000000e+03
5.032000000000000000e+03 5.431000000000000000e+03 5.432000000000000000e+03
5.033000000000000000e+03 5.413000000000000000e+03 5.433000000000000000e+03
5.033000000000000000e+03 5.432000000000000000e+03 5.433000000000000000e+03
5.046000000000000000e+03 5.047000000000000000e+03 5.446000000000000000e+03
5.046000000000000000e+03 5.066000000000000000e+03 5.446000000000000000e+03
5.047000000000000000e+03 5.048000000000000000e+03 5.447000000000000000e+03
5.047000000000000000e+03 5.067000000000000000e+03 5.447000000000000000e+03
5.047000000000000000e+03 5.067000000000000000e+03 5.466000000000000000e+03
5.047000000000000000e+03 5.446000000000000000e+03 5.466000000000000000e+03
5.048000000000000000e+03 5.049000000000000000e+03 5.448000000000000000e+03
5.048000000000000000e+03 5.447000000000000000e+03 5.448000000000000000e+03
5.049000000000000000e+03 5.429000000000000000e+03 5.449000000000000000e+03
5.049000000000000000e+03 5.448000000000000000e+03 5.449000000000000000e+03
5.050000000000000000e+03 5.430000000000000000e+03 5.450000000000000000e+03
5.050000000000000000e+03 5.449000000000000000e+03 5.450000000000000000e+03
5.063000000000000000e+03 5.064000000000000000e+03 5.463000000000000000e+03
5.064000000000000000e+03 5.065000000000000000e+03 5.464000000000000000e+03
5.064000000000000000e+03 5.463000000000000000e+03 5.464000000000000000e+03
5.065000000000000000e+03 5.066000000000000000e+03 5.465000000000000000e+03
5.065000000000000000e+03 5.464000000000000000e+03 5.465000000000000000e+03
5.066000000000000000e+03 5.446000000000000000e+03 5.466000000000000000e+03
5.066000000000000000e+03 5.465000000000000000e+03 5.466000000000000000e+03
5.067000000000000000e+03 5.447000000000000000e+03 5.467000000000000000e+03
5.067000000000000000e+03 5.466000000000000000e+03 5.467000000000000000e+03
5.413000000000000000e+03 5.414000000000000000e+03 5.813000000000000000e+03
5.413000000000000000e+03 5.433000000000000000e+03 5.813000000000000000e+03
5.414000000000000000e+03 5.415000000000000000e+03 5.814000000000000000e+03
5.414000000000000000e+03 5.434000000000000000e+03 5.814000000000000000e+03
5.414000000000000000e+03 5.434000000000000000e+03 5.833000000000000000e+03
5.414000000000000000e+03 5.813000000000000000e+03 5.833000000000000000e+03
5.415000000000000000e+03 5.814000000000000000e+03 5.834000000000000000e+03
5.430000000000000000e+03 5.431000000000000000e+03 5.830000000000000000e+03
5.430000000000000000e+03 5.450000000000000000e+03 5.830000000000000000e+03
5.431000000000000000e+03 5.432000000000000000e+03 5.831000000000000000e+03
5.431000000000000000e+03 5.451000000000000000e+03 5.831000000000000000e+03
5.431000000000000000e+03 5.451000000000000000e+03 5.850000000000000000e+03
5.431000000000000000e+03 5.830000000000000000e+03 5.850000000000000000e+03
5.432000000000000000e+03 5.433000000000000000e+03 5.832000000000000000e+03
5.432000000000000000e+03 5.831000000000000000e+03 5.832000000000000000e+03
5.433000000000000000e+03 5.813000000000000000e+03 5.833000000000000000e+03
5.433000000000000000e+03 5.832000000000000000e+03 5.833000000000000000e+03
5.434000000000000000e+03 5.814000000000000000e+03 5.834000000000000000e+03
5.434000000000000000e+03 5.833000000000000000e+03 5.834000000000000000e+03
5.447000000000000000e+03 5.448000000000000000e+03 5.847000000000000000e+03
5.447000000000000000e+03 5.467000000000000000e+03 5.847000000000000000e+03
5.448000000000000000e+03 5.449000000000000000e+03 5.848000000000000000e+03
5.448000000000000000e+03 5.468000000000000000e+03 5.848000000000000000e+03
5.448000000000000000e+03 5.468000000000000000e+03 5.867000000000000000e+03
5.448000000000000000e+03 5.847000000000000000e+03 5.867000000000000000e+03
5.449000000000000000e+03 5.450000000000000000e+03 5.849000000000000000e+03
5.449000000000000000e+03 5.848000000000000000e+03 5.849000000000000000e+03
5.450000000000000000e+03 5.830000000000000000e+03 5.850000000000000000e+03
5.450000000000000000e+03 5.849000000000000000e+03 5.850000000000000000e+03
5.451000000000000000e+03 5.831000000000000000e+03 5.851000000000000000e+03
5.451000000000000000e+03 5.850000000000000000e+03 5.851000000000000000e+03
5.464000000000000000e+03 5.465000000000000000e+03 5.864000000000000000e+03
5.464000000000000000e+03 5.484000000000000000e+03 5.864000000000000000e+03
5.464000000000000000e+03 5.484000000000000000e+03 5.883000000000000000e+03
5.465000000000000000e+03 5.466000000000000000e+03 5.865000000000000000e+03
5.465000000000000000e+03 5.485000000000000000e+03 5.865000000000000000e+03
5.465000000000000000e+03 5.485000000000000000e+03 5.884000000000000000e+03
5.465000000000000000e+03 5.864000000000000000e+03 5.884000000000000000e+03
5.466000000000000000e+03 5.467000000000000000e+03 5.866000000000000000e+03
5.466000000000000000e+03 5.865000000000000000e+03 5.866000000000000000e+03
5.467000000000000000e+03 5.847000000000000000e+03 5.867000000000000000e+03
5.467000000000000000e+03 5.866000000000000000e+03 5.867000000000000000e+03
5.468000000000000000e+03 5.848000000000000000e+03 5.868000000000000000e+03
5.468000000000000000e+03 5.867000000000000000e+03 5.868000000000000000e+03
5.484000000000000000e+03 5.864000000000000000e+03 5.884000000000000000e+03
5.484000000000000000e+03 5.883000000000000000e+03 5.884000000000000000e+03
5.485000000000000000e+03 5.865000000000000000e+03 5.885000000000000000e+03
5.485000000000000000e+03 5.884000000000000000e+03 5.885000000000000000e+03
5.831000000000000000e+03 5.832000000000000000e+03 6.231000000000000000e+03
5.831000000000000000e+03 5.851000000000000000e+03 6.231000000000000000e+03
5.832000000000000000e+03 5.833000000000000000e+03 6.232000000000000000e+03
5.832000000000000000e+03 5.852000000000000000e+03 6.232000000000000000e+03
5.832000000000000000e+03 5.852000000000000000e+03 6.251000000000000000e+03
5.832000000000000000e+03 6.231000000000000000e+03 6.251000000000000000e+03
5.833000000000000000e+03 5.834000000000000000e+03 6.233000000000000000e+03
5.833000000000000000e+03 6.232000000000000000e+03 6.233000000000000000e+03
5.834000000000000000e+03 5.835000000000000000e+03 6.234000000000000000e+03
5.834000000000000000e+03 6.233000000000000000e+03 6.234000000000000000e+03
5.835000000000000000e+03 6.234000000000000000e+03 6.235000000000000000e+03
5.848000000000000000e+03 5.849000000000000000e+03 6.248000000000000000e+03
5.848000000000000000e+03 5.868000000000000000e+03 6.248000000000000000e+03
5.849000000000000000e+03 5.850000000000000000e+03 6.249000000000000000e+03
5.849000000000000000e+03 5.869000000000000000e+03 6.249000000000000000e+03
5.849000000000000000e+03 5.869000000000000000e+03 6.268000000000000000e+03
5.849000000000000000e+03 6.248000000000000000e+03 6.268000000000000000e+03
5.850000000000000000e+03 5.851000000000000000e+03 6.250000000000000000e+03
5.850000000000000000e+03 6.249000000000000000e+03 6.250000000000000000e+03
5.851000000000000000e+03 6.231000000000000000e+03 6.251000000000000000e+03
5.851000000000000000e+03 6.250000000000000000e+03 6.251000000000000000e+03
5.852000000000000000e+03 6.232000000000000000e+03 6.252000000000000000e+03
5.852000000000000000e+03 6.251000000000000000e+03 6.252000000000000000e+03
5.865000000000000000e+03 5.866000000000000000e+03 6.265000000000000000e+03
5.865000000000000000e+03 5.885000000000000000e+03 6.265000000000000000e+03
5.866000000000000000e+03 5.867000000000000000e+03 6.266000000000000000e+03
5.866000000000000000e+03 5.886000000000000000e+03 6.266000000000000000e+03
5.866000000000000000e+03 5.886000000000000000e+03 6.285000000000000000e+03
5.866000000000000000e+03 6.265000000000000000e+03 6.285000000000000000e+03
5.867000000000000000e+03 5.868000000000000000e+03 6.267000000000000000e+03
5.867000000000000000e+03 5.887000000000000000e+03 6.267000000000000000e+03
5.867000000000000000e+03 5.887000000000000000e+03 6.286000000000000000e+03
5.867000000000000000e+03 6.266000000000000000e+03 6.286000000000000000e+03
5.868000000000000000e+03 6.248000000000000000e+03 6.268000000000000000e+03
5.868000000000000000e+03 6.267000000000000000e+03 6.287000000000000000e+03
5.869000000000000000e+03 6.249000000000000000e+03 6.269000000000000000e+03
5.869000000000000000e+03 6.268000000000000000e+03 6.269000000000000000e+03
5.883000000000000000e+03 5.884000000000000000e+03 6.283000000000000000e+03
5.883000000000000000e+03 6.282000000000000000e+03 6.283000000000000000e+03
5.884000000000000000e+03 5.885000000000000000e+03 6.284000000000000000e+03
5.884000000000000000e+03 6.283000000000000000e+03 6.284000000000000000e+03
5.885000000000000000e+03 6.265000000000000000e+03 6.285000000000000000e+03
5.885000000000000000e+03 6.284000000000000000e+03 6.285000000000000000e+03
5.886000000000000000e+03 6.266000000000000000e+03 6.286000000000000000e+03
5.886000000000000000e+03 6.285000000000000000e+03 6.286000000000000000e+03
5.887000000000000000e+03 6.267000000000000000e+03 6.287000000000000000e+03
5.887000000000000000e+03 6.286000000000000000e+03 6.287000000000000000e+03
6.282000000000000000e+03 6.283000000000000000e+03 6.682000000000000000e+03
6.282000000000000000e+03 6.662000000000000000e+03 6.682000000000000000e+03
6.283000000000000000e+03 6.284000000000000000e+03 6.683000000000000000e+03
6.283000000000000000e+03 6.682000000000000000e+03 6.683000000000000000e+03
6.284000000000000000e+03 6.285000000000000000e+03 6.684000000000000000e+03
6.284000000000000000e+03 6.683000000000000000e+03 6.684000000000000000e+03
6.285000000000000000e+03 6.286000000000000000e+03 6.685000000000000000e+03
6.285000000000000000e+03 6.684000000000000000e+03 6.685000000000000000e+03
6.286000000000000000e+03 6.287000000000000000e+03 6.686000000000000000e+03
6.286000000000000000e+03 6.685000000000000000e+03 6.686000000000000000e+03
6.287000000000000000e+03 6.307000000000000000e+03 6.687000000000000000e+03
6.287000000000000000e+03 6.686000000000000000e+03 6.687000000000000000e+03
