5647 5648 5667 
5628 5647 5648 
4011 4410 4430 
4011 4031 4430 
3631 4011 4031 
3611 3631 4011 
3610 3630 4010 
3611 4010 4030 
3630 4010 4030 
3611 3631 4030 
3630 3631 4030 
3231 3630 3631 
3230 3610 3630 
3210 3230 3610 
2831 3230 3231 
3230 3231 3630 
2831 2851 3231 
2512 2532 2931 
2116 2136 2535 
2116 2515 2535 
2595 2975 2995 
2975 2994 3394 
2975 3375 3394 
2975 2976 2995 
2976 2995 3375 
2956 2975 3375 
2956 3356 3375 
2976 3356 3376 
2976 3375 3376 
3356 3375 3775 
3356 3376 3775 
3375 3376 3775 
2957 2976 3356 
2956 2957 2976 
2937 2956 3356 
2937 2957 3356 
2937 2956 2957 
2576 2956 2976 
2576 2975 2976 
2556 2956 2975 
2556 2575 2975 
2555 2574 2974 
2555 2954 2974 
2555 2935 2955 
2535 2554 2954 
2555 2574 2954 
2574 2954 2974 
2574 2973 2974 
2954 2973 3373 
2974 2993 3373 
2973 2974 2993 
2973 3372 3392 
2992 3372 3392 
2992 3391 3411 
2992 3011 3411 
3012 3031 3411 
3011 3391 3411 
2992 3011 3391 
2972 2991 3391 
2973 2992 3372 
2973 3353 3373 
3353 3373 3772 
3353 3752 3772 
3752 3772 4171 
3771 3791 4171 
2952 3351 3371 
2553 2933 2952 
2533 2553 2952 
2533 2933 2952 
2533 2913 2932 
2513 2533 2913 
2514 2534 2933 
2533 2553 2933 
2950 2969 3349 
2949 2968 3368 
2830 2850 3230 
2831 3230 3250 
2831 2851 3250 
2556 2575 2955 
2536 2555 2955 
2536 2936 2955 
2556 2936 2955 
2537 2556 2936 
2517 2536 2936 
2517 2537 2936 
2857 2877 3257 
2877 3257 3277 
2858 3257 3277 
2877 2878 3277 
2858 2878 3277 
2478 2877 2878 
2477 2857 2877 
2477 2497 2877 
2478 2877 2897 
2497 2877 2897 
2478 2498 2897 
2497 2517 2897 
2097 2117 2497 
2475 2495 2875 
2456 2476 2875 
2455 2475 2874 
2474 2854 2874 
2455 2854 2874 
2454 2474 2854 
2454 2474 2873 
2473 2493 2873 
2474 2873 2893 
2474 2494 2893 
2492 2512 2911 
3265 3284 3684 
3246 3265 3665 
3246 3645 3646 
3246 3645 3665 
3645 3646 4045 
3265 3645 3665 
3265 3664 3684 
4502 4901 4921 
4502 4522 4921 
4522 4921 4941 
4522 4542 4941 
4181 4581 4600 
4843 5242 5243 
5242 5262 5642 
5242 5243 5642 
5243 5642 5662 
5262 5642 5661 
5262 5661 5662 
5642 5662 6061 
5661 5662 5681 
5661 5681 6061 
5662 6061 6081 
5681 6061 6080 
5281 5661 5680 
5661 5681 6080 
5661 6061 6080 
5661 6041 6060 
5302 5321 5322 
5302 5303 5322 
5283 5303 5702 
5283 5302 5303 
5282 5283 5302 
5282 5662 5681 
5662 5682 6081 
5263 5662 5682 
5263 5283 5682 
4883 5282 5283 
4883 5263 5282 
4864 4884 5283 
4883 4903 5283 
4883 4884 4903 
4884 5283 5303 
4903 5283 5303 
4884 4903 4904 
4884 4904 5303 
4903 4923 5303 
4903 4904 4923 
4923 5303 5323 
4904 5303 5323 
4904 4923 4924 
4904 4924 5323 
4923 4943 5323 
4923 4924 4943 
4943 5323 5343 
4924 5323 5343 
4924 4944 5343 
4924 4943 4944 
4943 4944 4963 
4943 4963 5343 
4963 5343 5363 
4944 5343 5363 
4944 4963 4964 
4944 4964 5363 
4963 4983 5363 
4963 4964 4983 
4964 4983 4984 
4964 4984 5383 
4983 4984 5003 
4983 5003 5383 
5003 5383 5402 
4983 5363 5382 
4983 5383 5402 
4982 4983 5002 
4963 4983 5382 
4963 4982 4983 
4963 5362 5382 
4962 4963 4982 
4943 4963 5362 
4943 4962 4963 
4943 5342 5362 
4942 4962 5342 
4942 4943 4962 
4923 4943 5342 
4923 4942 4943 
4923 5322 5342 
4922 4923 4942 
4922 4942 5322 
4903 4923 5322 
4903 4922 4923 
4903 5302 5322 
4922 5302 5322 
4902 4903 4922 
4902 4922 5302 
4883 4903 5302 
4503 4883 4902 
4503 4902 4903 
4484 4883 4903 
4483 4503 4883 
4464 4844 4864 
4844 4864 5263 
4844 5243 5244 
4844 5244 5263 
5243 5263 5643 
5243 5244 5643 
5244 5643 5663 
5263 5643 5662 
5263 5662 5663 
5643 5663 6062 
5662 5663 5682 
5662 5682 6062 
5663 6062 6082 
5682 6062 6081 
6061 6062 6081 
6042 6061 6062 
6042 6043 6442 
6042 6043 6062 
6043 6062 6063 
6043 6044 6063 
6062 6063 6082 
6042 6422 6442 
6022 6042 6422 
6041 6042 6061 
6022 6041 6042 
6021 6022 6041 
6002 6021 6022 
6004 6023 6024 
6023 6024 6043 
6023 6043 6442 
6024 6043 6044 
6023 6422 6442 
5683 6063 6082 
5606 6005 6025 
5606 5626 6025 
5607 5626 5627 
5626 5627 6026 
5208 5607 5627 
5208 5228 5627 
6995 7014 7015 
7014 7015 7414 
7015 7414 7434 
7034 7414 7434 
7034 7035 7434 
7034 7035 7054 
7035 7054 7055 
7054 7055 7074 
7089 7108 7488 
7108 7488 7507 
6709 7108 7128 
6709 7089 7108 
6690 6709 7089 
6690 7089 7109 
6690 6710 7109 
6310 6690 6709 
5528 5547 5947 
5528 5928 5947 
5928 5947 6347 
5928 6328 6347 
5929 5948 6328 
5909 5928 5929 
5909 5928 6328 
5909 5929 6328 
5529 5928 5929 
5509 5528 5908 
5489 5508 5908 
5489 5889 5908 
5509 5908 5909 
5509 5889 5909 
5889 5908 6308 
5889 6289 6308 
5890 5909 6289 
5889 5890 5909 
5889 6288 6289 
6269 6289 6688 
6288 6289 6688 
6269 6668 6688 
6288 6668 6688 
6268 6269 6668 
6268 6288 6668 
5869 6268 6269 
5470 5869 5889 
5850 5870 6269 
5869 6249 6269 
5849 5850 6249 
5849 5869 6249 
5450 5849 5850 
5469 5868 5888 
5868 5888 6268 
5849 5869 6268 
5868 6248 6268 
5849 6248 6268 
5848 5868 6248 
5848 5849 6248 
5449 5848 5849 
5449 5450 5849 
5050 5449 5450 
5469 5488 5868 
5468 5867 5868 
5867 5887 6267 
5867 5868 6267 
5887 6267 6287 
5868 6267 6287 
5868 5888 6287 
5488 5887 5888 
5488 5868 5888 
5888 5907 6287 
5887 5888 5907 
5507 5887 5907 
5487 5886 5906 
6286 6287 6306 
5887 6286 6287 
5906 6305 6325 
5926 6306 6326 
5926 6325 6345 
5927 5946 6326 
5907 5926 6326 
5527 5907 5927 
5507 5906 5926 
5907 5926 6306 
5507 5508 5527 
5508 5527 5907 
5488 5507 5907 
5488 5888 5907 
5489 5508 5888 
5488 5489 5508 
5469 5488 5888 
5489 5888 5889 
5489 5869 5889 
5888 6268 6288 
5888 5908 6288 
5888 5889 5908 
5889 5908 6288 
5470 5489 5869 
5070 5450 5470 
5070 5469 5489 
5070 5089 5489 
4690 5070 5090 
4670 5070 5089 
4670 4689 5089 
5090 5109 5489 
5089 5489 5508 
5109 5489 5509 
5089 5108 5508 
5509 5529 5909 
5529 5909 5929 
5909 5929 6309 
5929 6309 6329 
5910 6290 6310 
5890 6290 6309 
5890 5891 5910 
5891 5910 6290 
5871 5890 6290 
5871 6270 6290 
6270 6290 6670 
6271 6670 6690 
6290 6670 6689 
6290 6689 6690 
6689 6690 7089 
6670 6690 7089 
6670 7069 7089 
6689 7069 7089 
6669 6670 7069 
6669 6670 6689 
6669 6689 7069 
6271 6291 6690 
6290 6291 6690 
5891 6271 6291 
5891 6290 6291 
6251 6271 6670 
6251 6650 6670 
6270 6650 6670 
6250 6251 6650 
6250 6270 6650 
5851 6250 6251 
5870 6250 6269 
6250 6270 6669 
6269 6289 6669 
6270 6669 6689 
6289 6669 6688 
6289 6688 6689 
6688 6689 7088 
6669 6689 7088 
6669 7068 7088 
6688 7068 7088 
6668 6669 7068 
6668 6669 6688 
6668 6688 7068 
6270 6290 6689 
6289 6290 6689 
5890 6270 6290 
5890 6289 6290 
5871 5890 6270 
5471 5851 5871 
5471 5870 5890 
5491 5871 5891 
5491 5890 5891 
5471 5490 5890 
5491 5510 5890 
4672 4691 5091 
5947 6347 6366 
6727 6747 7146 
6347 6727 6746 
6328 6347 6727 
6328 6727 6747 
6328 6348 6747 
6348 6728 6747 
6747 7127 7146 
6728 6747 7127 
7127 7507 7526 
7108 7127 7507 
6728 7108 7127 
6728 7108 7128 
6218 6617 6637 
6218 6238 6637 
6198 6218 6617 
6198 6597 6617 
6176 6177 6576 
6176 6575 6576 
6575 6576 6975 
6576 6975 6995 
6576 6596 6995 
6177 6576 6596 
6177 6197 6596 
6197 6596 6597 
6596 6597 6996 
6596 6995 7015 
6197 6198 6597 
5797 6177 6197 
5777 5797 6177 
2644 2663 3063 
2664 2683 3063 
3063 3082 3462 
3602 3622 4002 
3622 4002 4022 
4002 4022 4402 
4002 4402 4421 
4022 4402 4422 
4402 4421 4821 
4402 4422 4802 
4402 4802 4821 
4422 4802 4822 
4802 4821 5221 
5201 5221 5601 
5221 5601 5620 
5621 6001 6020 
5601 5621 6001 
5601 5620 5621 
5621 6020 6040 
5621 5640 5641 
5621 6021 6040 
5641 6021 6040 
5621 5622 5641 
5602 5621 5622 
5602 5621 6021 
5622 6002 6021 
5602 5622 6002 
5602 6001 6021 
6001 6020 6021 
6020 6021 6040 
6021 6040 6041 
6040 6041 6060 
5641 6021 6041 
5622 6021 6041 
5622 5641 5642 
5622 6022 6041 
5642 6022 6041 
5622 5642 6022 
5641 5642 5661 
5641 5661 6041 
5642 6041 6061 
5641 6040 6060 
5641 5661 6060 
5261 5661 5680 
5261 5641 5660 
5242 5641 5661 
5242 5262 5661 
5261 5281 5661 
5262 5661 5681 
5262 5282 5681 
4882 5281 5282 
5243 5263 5662 
5262 5282 5662 
4863 5263 5282 
4843 4844 5243 
4444 4843 4844 
4444 4445 4844 
4445 4464 4844 
4045 4444 4445 
4483 4503 4902 
4502 4882 4902 
4483 4883 4902 
4863 4883 5282 
4882 4902 5282 
4902 5282 5302 
4883 5282 5302 
4502 4522 4902 
4522 4902 4922 
4503 4902 4922 
4503 4523 4922 
4104 4484 4504 
4085 4104 4484 
3305 3685 3704 
3286 3306 3705 
2906 3286 3305 
2886 2906 3286 
3285 3305 3704 
2886 2906 3305 
2825 2845 3225 
2826 3225 3245 
2845 3225 3245 
2826 2846 3245 
2846 2865 3245 
2865 3245 3265 
2945 2965 3345 
2946 3345 3365 
2946 2966 3365 
2965 2985 3365 
2946 2966 3346 
3346 3366 3746 
3347 3366 3746 
3327 3707 3726 
3708 3727 4107 
4106 4107 4126 
4087 4106 4107 
4105 4106 4125 
4105 4124 4125 
4085 4104 4504 
4105 4124 4504 
4124 4504 4524 
4504 4524 4923 
4523 4543 4923 
4523 4543 4942 
4523 4922 4942 
4542 4922 4942 
4522 4542 4922 
4181 4201 4581 
4182 4202 4601 
4182 4202 4582 
4183 4582 4602 
4183 4203 4602 
3384 3783 3803 
3364 3365 3384 
3264 3283 3683 
3265 3284 3664 
3245 3264 3664 
3246 3265 3645 
3226 3245 3246 
3226 3246 3645 
3226 3625 3645 
3245 3625 3645 
3225 3226 3245 
3225 3245 3625 
3206 3225 3226 
3206 3226 3625 
3206 3225 3605 
3206 3605 3625 
3225 3605 3625 
2846 3245 3265 
2846 3245 3246 
2866 3246 3266 
2886 3286 3305 
3285 3305 3685 
3247 3266 3666 
2847 3246 3266 
2847 3246 3247 
3247 3266 3646 
3227 3247 3646 
3227 3246 3247 
3246 3626 3646 
3227 3626 3646 
3226 3246 3626 
3226 3227 3246 
3207 3226 3227 
3207 3227 3626 
3207 3226 3606 
3226 3606 3626 
3207 3606 3626 
2828 2848 3247 
2828 3227 3247 
2847 3227 3247 
2827 2847 3227 
2827 2847 3246 
2847 2866 3246 
2846 2865 3265 
2845 2864 3264 
2845 2864 3244 
2864 3244 3264 
3282 3662 3682 
2944 2964 3344 
2557 2576 2956 
2537 2556 2956 
2537 2557 2956 
2576 2595 2975 
2575 2975 2994 
2575 2594 2994 
2594 2994 3013 
2594 2613 3013 
2571 2590 2990 
2571 2970 2990 
2951 2970 3370 
2551 2570 2970 
2930 2949 3349 
2930 3329 3349 
3710 3711 4110 
3711 3730 4110 
3730 4110 4129 
3710 4110 4129 
3710 4109 4129 
3729 4109 4129 
3729 4109 4128 
3290 3689 3690 
3689 3690 4089 
3690 3709 4089 
3689 4089 4108 
3709 4089 4108 
3689 3708 4108 
3728 4108 4127 
3708 4107 4108 
3708 4107 4127 
4107 4108 4127 
3708 3727 4127 
3747 4127 4147 
3329 3728 3748 
3349 3729 3749 
4147 4148 4167 
3767 3768 4167 
3368 3767 3768 
3368 3748 3768 
3348 3747 3767 
3747 3767 4147 
3767 4147 4167 
3348 3728 3748 
3329 3348 3728 
2929 3328 3348 
2949 3329 3349 
3329 3348 3748 
3349 3368 3748 
2949 3348 3368 
2929 2948 3348 
2949 2968 3348 
2587 2986 2987 
2967 2987 3386 
2967 2986 3386 
2986 2987 3006 
2986 3006 3386 
2987 3006 3386 
2967 2986 3366 
2966 2986 3366 
2966 3346 3366 
2967 3366 3367 
2967 3347 3367 
3347 3366 3766 
3348 3367 3747 
2948 3347 3367 
2948 3328 3348 
3347 3746 3766 
3746 3766 4146 
3747 3766 4146 
3746 4145 4146 
4126 4145 4146 
3746 3765 4145 
3765 4145 4164 
4144 4145 4164 
4125 4144 4145 
2946 3345 3346 
3307 3327 3726 
2927 3307 3326 
2908 3308 3327 
3307 3327 3707 
3288 3308 3707 
3287 3288 3307 
3287 3307 3687 
3268 3288 3687 
2888 3287 3288 
2869 2889 3288 
2453 2473 2853 
2930 2949 3329 
2928 3308 3327 
3689 3708 4088 
3708 4088 4107 
3308 3688 3707 
2909 3289 3308 
2890 3290 3309 
2890 3270 3289 
3270 3290 3689 
3270 3669 3689 
3269 3270 3289 
3269 3289 3669 
3250 3270 3669 
2870 3269 3270 
2870 3250 3269 
2851 3250 3270 
2850 2870 3250 
2851 2871 3270 
2472 2871 2891 
2472 2492 2891 
2871 2891 3290 
2871 3270 3290 
2870 2890 3270 
2890 2910 3290 
2890 2910 3309 
2929 2948 3328 
2908 2928 3327 
2948 2967 3347 
2586 2606 2986 
2587 2986 3006 
2606 2986 3006 
2587 2607 3006 
2606 2626 3006 
2607 2627 3026 
2626 3006 3026 
2607 3006 3026 
2627 2646 3026 
2626 2646 3026 
2626 2645 3045 
2626 2646 3045 
2646 2665 3045 
2646 2665 3065 
2665 2684 3084 
4201 4581 4600 
4981 4982 5001 
4962 4981 4982 
5362 5363 5382 
4942 5342 5361 
4942 5322 5341 
5303 5683 5702 
5304 5684 5703 
5285 5685 5704 
5665 5685 6084 
5665 6065 6084 
5665 6045 6064 
5665 6045 6065 
6044 6045 6064 
6025 6044 6045 
5626 6025 6045 
5626 5646 6026 
5626 5646 6045 
5646 6026 6046 
5646 6046 6065 
5646 6045 6065 
5685 6065 6084 
5665 5666 6065 
5665 5685 6065 
5665 5666 5685 
5666 6046 6066 
5666 6046 6065 
6221 6222 6621 
4982 5001 5002 
5001 5002 5021 
4601 4602 4621 
4582 4602 5001 
4582 4981 5001 
4562 4582 4981 
4144 4164 4544 
4543 4563 4943 
4563 4943 4963 
4544 4943 4963 
4544 4564 4963 
4164 4563 4564 
4164 4544 4564 
4563 4583 4963 
4563 4564 4583 
4583 4963 4983 
4564 4963 4983 
4564 4583 4584 
4564 4584 4983 
4583 4603 4983 
4583 4584 4603 
4584 4983 5003 
4603 4983 5003 
4584 4604 5003 
4204 4603 4604 
4204 4584 4603 
4185 4584 4604 
4184 4204 4584 
4184 4185 4584 
3785 3805 4185 
3804 3805 4204 
3405 3804 3805 
3405 3785 3805 
3386 3405 3785 
3385 3386 3405 
3366 3386 3785 
3366 3385 3386 
3366 3765 3785 
3365 3366 3385 
3765 3784 4184 
3765 3785 4165 
4165 4184 4185 
3785 4165 4185 
3765 4164 4184 
3765 4164 4165 
4164 4165 4184 
3385 3784 3804 
4184 4204 4603 
4184 4583 4603 
4183 4203 4583 
4164 4184 4583 
4164 4563 4583 
4183 4582 4583 
4563 4583 4982 
4582 4602 4982 
4582 4583 4602 
4602 4982 5002 
4583 4982 5002 
4583 4603 5002 
4203 4602 4603 
4203 4583 4602 
4602 4622 5002 
4602 4603 4622 
4603 5002 5022 
4622 4623 5022 
4603 4623 5022 
4223 4603 4622 
4223 4622 4623 
4204 4603 4623 
4203 4223 4603 
3804 3824 4204 
3824 4223 4224 
3824 4204 4224 
4223 4224 4623 
4204 4224 4623 
3823 3824 4223 
3823 4222 4223 
3823 4222 4242 
3843 4223 4243 
3823 4223 4242 
3823 3843 4223 
4223 4242 4642 
4223 4243 4623 
4223 4623 4642 
4243 4623 4643 
4623 4642 5042 
4623 4643 5023 
4643 5023 5042 
4623 5023 5042 
4643 5042 5043 
4643 4663 5043 
4663 5043 5063 
5043 5442 5462 
5442 5841 5861 
6221 6620 6640 
6221 6620 6621 
6620 6621 7020 
5022 5041 5042 
4642 5041 5042 
4181 4201 4600 
3002 3022 3402 
2905 3305 3324 
2905 2925 3324 
2945 3344 3345 
3383 3782 3802 
3384 3403 3783 
2984 3383 3403 
2604 3003 3004 
2984 3003 3403 
3003 3004 3403 
3004 3384 3404 
3004 3403 3404 
3403 3404 3803 
3384 3403 3803 
3404 3784 3804 
3784 4164 4184 
4562 4961 4981 
4542 4562 4961 
4542 4941 4961 
3765 3784 4164 
3365 3745 3764 
3346 3746 3765 
4125 4126 4145 
4106 4125 4126 
3326 3706 3725 
3306 3326 3706 
3287 3307 3706 
3306 3686 3705 
3306 3706 3725 
3286 3686 3705 
4044 4443 4444 
3263 3643 3663 
3263 3662 3682 
3263 3282 3682 
2803 3202 3222 
2803 2823 3222 
2823 2842 3222 
3202 3222 3602 
4002 4401 4421 
4421 4801 4821 
4401 4421 4801 
4801 4821 5201 
4821 5201 5221 
3242 3622 3642 
3262 3642 3662 
4022 4023 4422 
4023 4422 4442 
4023 4043 4442 
3243 3642 3662 
3243 3262 3662 
2863 3243 3263 
3263 3282 3662 
2843 2862 3262 
2803 2823 3203 
2804 3203 3223 
2823 3203 3223 
2804 2824 3223 
2824 2843 3223 
2823 2842 3242 
2843 2862 3242 
2842 3222 3242 
2862 3242 3262 
2825 2845 3244 
2844 3224 3244 
2825 3224 3244 
2824 2844 3224 
2805 2825 3224 
2805 2825 3205 
2825 3205 3225 
2806 3205 3225 
2806 2826 3225 
2832 3231 3232 
2832 2852 3232 
2453 2852 2853 
2833 2853 3252 
2833 3232 3252 
2852 3232 3252 
2852 2872 3252 
2852 2853 2872 
2872 3252 3272 
2853 3252 3272 
2853 2873 3272 
2473 2872 2873 
2473 2853 2872 
2454 2853 2873 
2872 2892 3272 
2872 2873 2892 
2873 3272 3292 
2873 2893 3292 
2493 2873 2892 
2494 2874 2893 
2475 2874 2894 
2475 2495 2894 
2096 2495 2515 
2837 2857 3237 
2857 3237 3257 
2858 3257 3258 
2837 3236 3237 
3236 3237 3636 
3235 3634 3635 
3634 3635 4034 
4433 4832 4852 
4956 5355 5356 
4954 4955 5354 
4555 4954 4955 
4554 4555 4574 
4554 4574 4954 
4574 4954 4974 
4555 4954 4974 
4574 4575 4974 
4555 4575 4974 
4175 4555 4574 
4175 4574 4575 
4156 4175 4555 
4555 4575 4955 
4156 4536 4555 
4137 4156 4536 
3757 4137 4156 
3738 3757 4137 
3718 3738 4137 
3718 4117 4137 
4597 4617 4997 
4617 4997 5017 
4637 4656 5036 
4617 4637 5036 
4617 4636 5036 
4636 5036 5055 
4636 4655 5055 
4236 4636 4655 
4236 4255 4655 
3835 4234 4235 
3815 3834 4234 
3815 3835 4234 
3434 3814 3834 
3414 3434 3814 
2571 2590 2970 
2590 2970 2990 
2970 3350 3370 
2950 2969 3369 
2969 2988 3388 
2969 3368 3388 
2969 3349 3369 
3349 3368 3768 
3369 3388 3768 
3368 3768 3787 
3368 3387 3787 
2988 3368 3388 
2968 3368 3387 
2969 2988 3368 
3829 3849 4229 
3849 4229 4249 
3850 3869 4249 
3849 4249 4268 
3849 3868 4268 
3869 3888 4268 
3468 3868 3887 
3468 3487 3887 
4688 4707 5107 
4688 5088 5107 
4689 4708 5088 
4689 4708 5108 
4708 5088 5108 
5088 5107 5507 
5108 5127 5507 
5107 5507 5526 
5107 5126 5526 
4707 5087 5107 
5087 5106 5506 
5087 5088 5107 
5088 5107 5487 
5068 5087 5487 
5069 5088 5468 
4669 5049 5069 
4669 5068 5088 
4669 4670 4689 
4670 4689 5069 
4650 4669 5069 
4670 5050 5070 
4670 5069 5070 
5069 5070 5089 
5070 5089 5469 
5069 5088 5488 
4689 5088 5089 
4689 5069 5089 
5088 5089 5108 
5089 5108 5488 
5088 5488 5507 
5108 5507 5508 
5108 5488 5508 
5069 5468 5488 
5089 5469 5489 
5089 5488 5489 
5051 5070 5450 
5050 5430 5450 
5030 5050 5430 
5030 5031 5430 
4631 5030 5031 
4611 4631 5030 
4611 5010 5030 
4630 5010 5030 
4610 4630 5010 
4591 4611 5010 
4591 4610 5010 
4211 4591 4610 
4610 4630 5029 
4610 5009 5029 
4629 5009 5029 
4609 4629 5009 
4229 4609 4629 
4209 4229 4609 
4190 4210 4609 
3771 3791 4190 
3771 4170 4190 
3770 3790 4170 
2971 3351 3371 
2952 2971 3351 
2572 2591 2971 
2572 2971 2991 
2972 2991 3371 
2952 2971 3371 
2991 3371 3391 
3812 3831 4211 
3792 3812 4211 
3393 3412 3792 
3393 3792 3812 
3393 3413 3812 
3412 3413 3432 
3413 3432 3812 
3451 3831 3851 
3831 3850 4250 
3832 3851 4231 
3812 3831 4231 
3812 4211 4231 
3812 4211 4212 
4211 4212 4611 
4231 4630 4650 
4232 4251 4631 
4212 4232 4612 
4232 4612 4632 
4232 4631 4651 
4233 4252 4632 
4232 4233 4252 
4213 4232 4233 
4213 4232 4632 
4233 4613 4633 
4233 4632 4652 
4633 4652 5032 
4632 5012 5032 
4613 5012 5013 
4613 4633 5013 
4633 5013 5033 
4633 5032 5052 
4653 5033 5053 
4653 5052 5053 
5034 5053 5433 
5033 5413 5433 
5013 5033 5413 
5013 5014 5413 
4614 5013 5033 
4614 5013 5014 
4634 5014 5034 
4634 5033 5053 
4654 5034 5054 
4654 5053 5054 
5034 5053 5453 
5053 5054 5073 
5054 5073 5453 
5053 5072 5472 
4673 5053 5073 
4254 4654 4673 
4254 4273 4673 
4273 4653 4673 
4653 4672 5072 
4653 5053 5072 
4653 4654 4673 
4654 4673 5053 
4634 4653 5053 
4254 4634 4654 
4254 4653 4654 
4234 4634 4653 
4234 4253 4653 
4254 4273 4653 
4253 4653 4672 
4253 4272 4672 
4672 4691 5071 
4652 4671 5071 
4652 5051 5071 
4652 5032 5052 
4632 5031 5032 
5031 5032 5431 
5032 5431 5432 
5431 5451 5831 
5431 5432 5831 
5451 5831 5851 
5432 5831 5832 
5831 5851 6231 
5831 5832 6231 
5832 6231 6251 
5851 6231 6251 
5832 5852 6251 
5452 5471 5851 
5451 5850 5851 
5850 5851 6250 
5850 5870 6250 
5470 5471 5490 
5471 5490 5870 
5490 5870 5890 
5490 5889 5890 
5470 5489 5889 
5090 5489 5490 
5090 5470 5490 
5490 5509 5889 
5489 5490 5509 
5071 5451 5471 
5071 5470 5471 
5051 5070 5470 
5071 5090 5470 
5070 5071 5090 
4671 5051 5071 
4671 5070 5071 
4651 5050 5070 
4612 4632 5031 
4612 5011 5031 
4631 5011 5031 
4611 4612 5011 
4611 4631 5011 
4212 4611 4612 
4651 4670 5050 
4251 4650 4670 
4252 4271 4651 
3852 4251 4271 
3852 4232 4252 
3832 4231 4251 
3832 4212 4232 
3833 3852 4232 
3832 3833 3852 
3813 3833 4232 
3813 3832 4232 
3813 3832 3833 
3832 3851 4251 
3852 3871 4251 
3851 4250 4270 
3851 4231 4251 
4231 4250 4650 
4251 4270 4650 
4250 4269 4669 
3870 4250 4270 
3851 3870 4250 
2611 2991 3011 
2591 2971 2991 
2592 2611 2991 
2572 2591 2991 
2592 2972 2992 
2592 2991 3011 
2592 2611 3011 
3485 3504 3904 
3485 3885 3904 
3486 3505 3885 
3466 3485 3885 
3466 3866 3885 
3467 3486 3866 
3466 3467 3486 
3447 3466 3866 
3447 3466 3467 
3447 3467 3866 
3486 3866 3886 
3866 3885 4285 
3886 3905 4285 
3486 3885 3905 
3487 3867 3887 
3467 3867 3886 
3467 3486 3886 
3048 3447 3448 
3448 3467 3847 
3447 3467 3847 
3428 3448 3847 
3428 3447 3448 
3428 3827 3847 
3447 3827 3847 
3427 3428 3447 
3427 3447 3827 
3408 3427 3428 
3408 3428 3827 
3408 3427 3807 
3408 3807 3827 
3427 3807 3827 
3067 3447 3467 
3047 3067 3447 
3028 3048 3447 
3028 3427 3447 
3047 3427 3447 
3027 3047 3427 
3008 3028 3427 
3008 3407 3427 
3027 3407 3427 
3007 3027 3407 
2607 2627 3007 
2987 3007 3387 
2968 2987 3387 
3007 3387 3407 
3388 3407 3787 
3387 3407 3787 
3008 3407 3408 
3388 3408 3807 
3388 3407 3807 
3407 3408 3807 
2607 2987 3007 
2587 2607 2987 
2626 2645 3025 
2625 2645 3025 
2606 2626 3025 
2585 2605 2985 
2586 2985 3005 
2605 2985 3005 
2586 2606 3005 
2605 2625 3005 
2606 3005 3025 
2625 3005 3025 
2605 2625 3024 
2624 2644 3024 
2625 3024 3044 
2644 3024 3044 
2625 2645 3044 
2645 2664 3064 
2645 3044 3064 
2645 3044 3045 
3045 3064 3444 
3044 3063 3463 
3064 3083 3463 
3083 3463 3483 
3503 3883 3903 
3483 3863 3883 
3063 3462 3482 
3063 3443 3463 
3423 3443 3823 
3383 3402 3782 
2964 3344 3363 
2945 3344 3364 
2945 2965 3364 
2965 3364 3384 
2965 2985 3384 
2985 3004 3384 
2984 2985 3004 
2585 2984 2985 
2586 2985 2986 
2966 2986 3385 
2985 2986 3005 
2986 3385 3405 
3005 3404 3405 
2985 3384 3404 
3385 3404 3784 
2985 3365 3384 
2966 3365 3385 
2985 3004 3005 
3004 3005 3404 
2985 3004 3404 
3404 3405 3804 
3385 3404 3804 
2986 3006 3405 
2986 3005 3006 
3005 3006 3405 
2585 2984 3004 
2585 2605 3004 
2604 2624 3004 
2624 3024 3043 
2624 3023 3024 
3024 3423 3443 
3024 3043 3044 
3024 3044 3443 
3044 3063 3443 
2644 3043 3044 
2644 3043 3063 
2664 3044 3064 
2664 3063 3083 
2684 3064 3084 
2664 2683 3083 
2683 3063 3083 
3063 3082 3482 
2627 2647 3046 
2627 2646 3046 
2647 2666 3046 
2646 3046 3065 
2666 3046 3066 
2643 2662 3062 
2644 2663 3043 
2624 2644 3043 
2663 3043 3063 
3402 3782 3802 
3402 3422 3802 
3422 3802 3822 
3403 3422 3822 
3023 3403 3422 
3004 3023 3403 
3004 3403 3423 
3004 3023 3024 
3004 3024 3423 
3403 3423 3803 
3403 3802 3822 
3403 3783 3803 
3423 3803 3823 
2643 3042 3062 
2643 2662 3042 
3003 3023 3422 
2623 3003 3022 
2604 3003 3023 
2603 2623 3003 
2910 3290 3309 
2891 3291 3310 
3271 3291 3690 
2891 3271 3290 
2872 3271 3291 
2871 2872 2891 
2871 2891 3271 
2852 2872 3271 
2852 3251 3271 
2871 3251 3271 
2851 2871 3251 
2832 2852 3251 
2851 3231 3251 
2832 3231 3251 
2472 2871 2872 
2453 2852 2872 
2453 2473 2872 
2472 2492 2872 
2473 2872 2892 
2492 2872 2891 
2872 2892 3291 
2891 2911 3291 
2911 3291 3310 
2551 2950 2970 
2951 2970 3350 
3333 3352 3732 
2933 3313 3332 
3314 3333 3334 
3333 3352 3353 
2554 2934 2954 
2554 2953 2973 
2954 2973 3353 
2647 3027 3047 
2647 3047 3066 
2647 2666 3066 
4288 4307 4687 
4268 4287 4687 
4268 4668 4687 
4288 4687 4688 
4288 4668 4688 
4668 4687 5087 
4688 4707 5087 
4687 4688 4707 
4687 5087 5106 
4687 4706 5106 
4307 4687 4707 
4287 4687 4706 
4287 4306 4706 
4288 4307 4707 
4288 4688 4707 
3869 4268 4288 
4269 4288 4668 
4249 4268 4668 
3869 4249 4269 
4249 4648 4649 
4249 4648 4668 
4649 4668 5048 
4648 4649 5048 
4648 5047 5048 
4648 5047 5067 
5047 5067 5447 
5047 5048 5447 
5067 5447 5467 
5048 5447 5448 
5447 5467 5847 
5447 5448 5847 
5467 5847 5867 
5448 5847 5867 
5448 5468 5867 
5867 5887 6286 
5886 6266 6286 
5867 6266 6286 
5866 5886 6266 
5866 5867 6266 
5467 5866 5867 
5487 5506 5886 
5486 5885 5905 
5486 5866 5885 
5866 5886 6285 
5866 6265 6285 
5885 6265 6285 
5865 5866 6265 
5865 5885 6265 
5466 5866 5885 
5466 5865 5866 
5485 5865 5885 
5465 5485 5865 
5465 5466 5865 
5066 5465 5466 
4686 5066 5086 
4667 4686 5066 
4647 5046 5047 
4666 5046 5066 
4646 4666 5046 
4646 4647 5046 
4247 4646 4666 
4247 4646 4647 
4247 4248 4647 
4247 4248 4267 
4248 4267 4647 
4267 4647 4667 
4267 4666 4686 
4267 4268 4287 
4268 4287 4667 
4248 4267 4667 
4248 4267 4268 
4268 4648 4668 
4268 4667 4668 
4648 4667 5067 
4667 4668 4687 
4668 4687 5067 
4667 4686 5086 
4686 4687 4706 
4687 4706 5086 
4686 4705 5105 
4706 4725 5105 
4705 5105 5124 
4725 5105 5125 
5105 5124 5524 
5105 5505 5524 
5106 5125 5505 
5105 5106 5125 
5086 5105 5505 
5086 5087 5106 
5087 5106 5486 
5067 5466 5467 
5068 5087 5467 
5068 5467 5487 
5048 5049 5448 
4649 5048 5049 
4649 5048 5068 
4649 4668 5068 
4668 4669 4688 
4669 4688 5068 
4668 5067 5087 
4668 5048 5068 
4688 5068 5088 
4688 5087 5088 
4269 4668 4669 
4269 4649 4669 
4650 4669 5049 
4649 5029 5049 
4629 4649 5029 
4249 4629 4649 
4229 4249 4629 
4191 4211 4610 
3792 4191 4211 
3772 3792 4191 
3772 4171 4191 
3791 4171 4190 
3373 3772 3792 
3392 3393 3792 
3373 3393 3792 
2993 3392 3393 
2993 3373 3393 
3392 3412 3792 
3012 3392 3412 
3012 3411 3431 
3031 3411 3431 
3448 3468 3848 
3468 3848 3868 
3849 3868 4248 
3848 3868 4248 
3829 3849 4248 
3848 4228 4248 
3829 4228 4248 
3828 3848 4228 
3809 3829 4228 
3428 3448 3828 
3448 3828 3848 
3408 3428 3808 
3428 3808 3828 
3808 3828 4208 
3828 4208 4228 
3809 4208 4228 
3369 3768 3788 
3349 3748 3768 
4129 4149 4548 
4148 4168 4548 
4149 4548 4568 
4149 4169 4568 
4168 4188 4568 
3730 3750 4149 
3730 4130 4149 
3730 4129 4130 
4129 4130 4529 
4129 4149 4529 
4130 4529 4549 
4149 4529 4549 
4130 4150 4549 
4149 4169 4549 
3750 4150 4169 
3750 4130 4149 
3731 4130 4150 
3730 3750 4130 
3730 3731 4130 
3711 3730 3731 
3691 3710 3711 
3690 3709 4109 
3710 4090 4109 
3690 4090 4109 
3690 3691 4090 
3691 3710 4090 
3291 3690 3691 
2912 3312 3331 
2912 2932 3331 
2532 2912 2931 
2512 2532 2912 
2492 2512 2892 
2473 2493 2892 
2512 2892 2911 
2512 2912 2931 
2513 2913 2932 
2874 2894 3293 
2874 3273 3293 
2893 3273 3293 
2873 2893 3273 
2873 2874 2893 
2854 2874 3273 
2854 2873 2874 
2854 3253 3273 
2873 3253 3273 
2854 2873 3253 
2894 3294 3313 
2894 3293 3294 
3294 3313 3693 
3293 3294 3693 
3293 3693 3712 
3313 3693 3712 
3313 3332 3712 
2913 3313 3332 
2913 2933 3332 
2912 2932 3312 
2932 3312 3331 
3711 3712 3731 
3692 3711 3712 
3292 3691 3692 
3691 3692 3711 
2893 3292 3293 
3273 3293 3692 
3273 3292 3293 
3273 3672 3692 
3273 3292 3672 
3292 3672 3692 
3293 3692 3712 
3712 3731 3732 
3332 3712 3732 
3731 3751 4131 
3731 3732 4131 
3751 4131 4151 
3732 4131 4151 
3732 3752 4151 
3352 3732 3752 
3352 3353 3752 
3751 3771 4151 
3752 4151 4171 
3771 4170 4171 
3771 4151 4170 
4151 4171 4570 
4170 4171 4190 
4170 4190 4570 
4171 4570 4590 
4190 4589 4590 
4190 4570 4589 
4589 4590 4989 
4570 4970 4989 
4570 4590 4970 
4590 4970 4990 
4590 4989 4990 
4989 4990 5389 
4970 4989 5389 
4990 5370 5389 
4970 4990 5370 
4970 5369 5389 
4970 4971 5370 
4571 4951 4971 
4571 4970 4971 
4551 4571 4951 
4551 4570 4571 
4570 4571 4970 
4570 4950 4969 
4570 4969 4970 
4969 4970 5369 
4551 4931 4950 
4532 4551 4931 
4532 4551 4552 
4551 4552 4951 
4513 4532 4912 
4532 4912 4931 
4513 4532 4533 
4532 4533 4552 
4952 4953 5352 
3698 3718 4117 
3698 4097 4117 
3298 3678 3698 
3298 3318 3698 
3318 3698 3718 
2918 3298 3318 
2898 2918 3298 
2898 3278 3298 
3278 3298 3678 
4077 4476 4496 
4077 4097 4496 
4495 4496 4515 
4476 4495 4496 
7021 7022 7421 
6622 7021 7022 
6622 7002 7022 
6602 6622 7002 
6621 6622 7021 
6222 6621 6622 
6203 6602 6622 
6203 6223 6622 
6222 6223 6622 
5823 6222 6223 
5823 5824 6223 
5424 5823 5824 
5424 5804 5824 
5404 5424 5804 
5002 5003 5022 
4983 5002 5003 
4983 5003 5402 
5022 5023 5422 
5003 5022 5023 
5003 5023 5403 
5023 5422 5423 
5023 5403 5423 
5422 5423 5822 
5004 5403 5423 
5004 5024 5404 
5024 5404 5423 
5004 5023 5423 
5004 5023 5024 
5023 5024 5423 
5423 5424 5823 
5404 5423 5424 
5423 5822 5842 
5822 5842 6222 
5822 6221 6222 
4945 5345 5364 
4945 5325 5344 
4926 5325 5345 
4926 4945 5325 
4926 4945 4946 
4945 4946 5345 
4926 4946 5345 
4946 4965 4966 
4965 4966 4985 
4965 4984 4985 
4984 4985 5004 
5004 5005 5404 
4985 5004 5005 
5005 5404 5405 
5404 5405 5804 
4966 4967 4986 
4966 4985 4986 
4985 4986 5005 
4986 5005 5006 
5005 5006 5405 
4986 5006 5386 
5006 5386 5406 
5006 5405 5406 
5405 5406 5805 
5387 5407 5787 
5407 5806 5807 
5407 5787 5807 
5806 5807 6206 
5388 5787 5807 
5408 5788 5807 
5388 5408 5788 
5388 5407 5408 
5407 5408 5807 
5388 5407 5807 
4910 4929 4930 
4929 4930 4949 
7424 7443 7444 
7443 7444 7843 
7024 7423 7443 
7044 7424 7443 
7024 7044 7424 
7024 7044 7443 
7023 7024 7423 
6624 7023 7024 
6624 7004 7024 
6604 6624 7023 
6604 6624 7004 
6604 7003 7023 
5284 5684 5703 
5283 5284 5303 
5283 5303 5683 
5264 5284 5683 
5264 5663 5683 
5283 5663 5682 
5663 5683 6082 
5283 5683 5702 
5263 5283 5663 
5244 5264 5663 
4864 5244 5263 
4845 5244 5264 
4845 4865 5264 
4864 4884 5264 
4884 5283 5284 
4884 5264 5283 
4884 4885 5284 
4865 4885 5284 
4485 4884 4885 
4484 4485 4884 
4484 4485 4504 
4085 4484 4504 
4105 4485 4504 
4086 4105 4485 
4066 4465 4466 
4086 4485 4486 
4485 4486 4885 
4865 4885 5265 
4866 5265 5285 
4866 4886 5285 
4885 4886 5285 
4486 4885 4886 
4466 4467 4866 
4067 4466 4467 
4067 4087 4467 
4087 4486 4487 
4087 4467 4487 
4486 4487 4886 
4467 4487 4867 
4487 4867 4887 
4487 4886 4887 
4867 4887 5286 
4886 4906 5286 
4886 4887 4906 
4887 5286 5306 
4906 5286 5306 
4887 4907 5306 
4887 4906 4907 
4906 4907 5306 
4867 5266 5286 
4866 4886 5266 
4866 4867 5266 
4467 4866 4867 
4886 5266 5285 
4886 5285 5286 
5266 5286 5685 
5285 5305 5685 
5285 5286 5305 
5286 5686 5705 
5286 5666 5685 
5267 5666 5686 
5266 5267 5666 
5266 5286 5666 
5266 5267 5286 
5267 5287 5686 
4887 5286 5287 
4887 5267 5286 
4868 4887 5267 
4868 5267 5287 
4887 4888 5287 
4868 4888 5287 
4488 4868 4888 
4488 4887 4888 
4488 4868 4887 
5286 5306 5686 
5286 5287 5306 
5287 5307 5706 
5306 5307 5326 
4927 4946 5326 
4946 5326 5345 
4946 4965 5345 
4965 5345 5364 
4965 4984 5364 
4984 5364 5383 
4927 4946 4947 
4928 4929 4948 
4929 4948 4949 
4948 4949 4968 
4909 4928 4929 
4928 5308 5327 
5667 5668 5687 
5288 5668 5687 
5269 5288 5668 
4889 5289 5308 
4889 4908 5288 
4908 5288 5307 
5307 5687 5706 
4908 5308 5327 
4908 4927 5307 
4908 4927 4928 
4908 4928 5327 
4927 4928 4947 
4927 5307 5326 
5287 5307 5687 
5287 5288 5307 
5268 5288 5687 
5268 5287 5667 
5268 5667 5687 
5287 5667 5686 
5287 5687 5706 
4888 5268 5287 
4888 5287 5288 
4888 5268 5288 
4889 4909 5308 
4889 4908 4909 
4908 4909 4928 
4908 4928 5308 
4889 5269 5289 
4889 5269 5288 
5324 5343 5344 
5323 5324 5343 
5342 5343 5362 
5323 5342 5343 
5304 5305 5324 
5305 5685 5704 
5305 5324 5325 
5324 5325 5344 
5305 5306 5325 
5286 5305 5306 
5286 5306 5705 
5306 5325 5326 
5325 5326 5345 
6606 7005 7025 
6606 6626 7025 
6606 6626 7006 
6626 7006 7026 
6626 7025 7026 
7025 7026 7425 
7024 7025 7424 
6625 7005 7025 
6625 7024 7025 
6605 6625 7005 
6605 6625 7024 
6605 7004 7024 
7010 7029 7030 
7029 7030 7429 
6610 7009 7029 
6591 6610 6611 
6610 6611 7010 
6591 6611 6991 
6611 6991 7011 
6611 7010 7030 
6631 7011 7030 
6611 6631 7030 
6611 6631 7011 
7030 7031 7430 
7011 7030 7031 
7011 7012 7031 
6992 7011 7012 
7426 7445 7446 
7445 7446 7465 
7446 7465 7466 
7446 7447 7466 
7447 7466 7467 
7448 7467 7468 
7032 7033 7052 
7032 7033 7432 
7032 7052 7451 
7032 7431 7451 
7032 7412 7432 
7012 7032 7412 
7031 7430 7450 
7031 7051 7450 
7031 7051 7431 
7051 7431 7451 
7052 7053 7072 
7033 7052 7053 
7033 7413 7433 
7013 7033 7432 
7013 7033 7413 
7013 7412 7432 
7014 7413 7433 
7014 7034 7433 
7014 7034 7414 
7012 7013 7412 
6993 7012 7013 
5755 5774 6154 
5355 5754 5774 
5355 5375 5755 
5355 5375 5774 
5375 5755 5775 
5375 5774 5775 
5774 5775 6174 
5755 5774 6174 
5755 5775 6155 
5755 6154 6174 
5775 6174 6175 
5775 6155 6175 
6174 6175 6574 
6175 6574 6575 
6574 6575 6974 
6575 6974 6994 
6595 6975 6995 
6575 6595 6994 
6575 6595 6975 
6595 6994 7014 
6615 6995 7014 
6595 6615 6995 
6595 6615 7014 
5356 5755 5756 
5755 5756 6155 
5756 6155 6175 
5756 5776 6175 
5776 6175 6176 
6175 6176 6575 
5776 5777 6176 
5777 6176 6177 
5377 5776 5777 
4977 4997 5377 
4597 4977 4997 
4577 4597 4977 
4637 5017 5037 
4617 4637 5017 
6311 6691 6710 
6691 6710 7090 
6710 7090 7109 
7069 7089 7488 
7069 7468 7488 
7088 7468 7487 
7088 7468 7488 
7088 7488 7507 
7088 7487 7507 
7107 7487 7507 
7107 7487 7506 
7107 7507 7526 
7126 7506 7525 
7125 7126 7145 
7106 7126 7525 
7106 7125 7126 
7106 7505 7525 
7125 7505 7524 
7486 7487 7506 
7467 7486 7487 
7467 7468 7487 
7466 7467 7486 
7486 7505 7506 
7505 7506 7525 
7504 7505 7524 
7485 7504 7505 
7485 7486 7505 
7466 7485 7486 
7465 7466 7485 
7445 7465 7864 
7445 7844 7864 
7026 7425 7445 
7026 7046 7426 
7046 7426 7445 
7026 7046 7445 
7026 7027 7426 
6627 7026 7027 
6627 7007 7027 
6607 6627 7007 
6607 6627 7026 
6607 7006 7026 
6607 6608 7007 
6208 6607 6608 
5789 5790 6189 
5390 5770 5790 
5390 5789 5790 
5370 5390 5770 
5370 5389 5390 
5389 5390 5789 
4971 5370 5371 
5370 5371 5770 
4954 5353 5354 
5353 5354 5753 
4955 5354 5355 
5354 5355 5754 
5355 5356 5755 
5773 5774 6173 
5374 5773 5774 
5374 5754 5774 
5354 5374 5773 
5354 5374 5754 
5354 5753 5773 
5773 6172 6173 
6172 6173 6572 
6190 6191 6590 
5791 6171 6191 
5791 6190 6191 
5771 5791 6171 
5790 5791 6190 
5771 5790 5791 
6189 6190 6589 
5790 6189 6190 
4953 5352 5372 
4953 4973 5372 
4953 4973 5353 
4973 5372 5373 
4973 5353 5373 
5372 5373 5772 
5353 5373 5753 
5373 5772 5773 
5373 5753 5773 
5772 5773 6172 
5772 6171 6191 
5792 6172 6191 
5772 5792 6172 
5772 5791 5792 
5772 5791 6191 
5791 5792 6191 
5771 5772 6171 
5372 5771 5772 
5371 5372 5771 
4972 5352 5372 
4972 5371 5372 
4952 4972 5352 
4971 4972 5371 
4572 4971 4972 
4572 4952 4972 
4552 4572 4952 
4552 4951 4971 
4513 4514 4913 
4513 4514 4533 
4514 4533 4534 
4533 4534 4553 
4515 4534 4535 
4534 4535 4554 
4554 4953 4954 
4953 4954 5353 
4534 4553 4554 
4553 4554 4953 
4514 4515 4534 
4495 4514 4515 
4553 4952 4953 
4533 4552 4553 
4552 4553 4952 
4571 4572 4971 
4552 4571 4572 
4552 4571 4971 
5371 5770 5790 
5371 5391 5771 
5391 5771 5790 
5371 5390 5391 
5390 5391 5790 
5371 5390 5790 
4930 4931 4950 
4911 4930 4931 
4910 4911 4930 
4891 4910 4911 
4890 4891 4910 
4909 5289 5308 
5788 5789 6188 
5389 5788 5789 
5388 5389 5788 
4989 5388 5389 
4989 5369 5389 
4969 4989 5369 
4988 4989 5388 
4589 4988 4989 
4588 4987 4988 
4987 4988 5387 
4987 5386 5406 
4987 5007 5387 
5007 5387 5406 
4987 5006 5406 
5006 5007 5406 
4607 4987 5007 
4607 5006 5007 
4587 4607 5006 
4587 4987 5006 
4587 4607 4987 
4568 4948 4967 
5805 5825 6205 
5824 5825 6224 
5805 5824 5825 
5825 6224 6225 
5825 6205 6225 
6205 6225 6624 
6224 6225 6624 
6205 6604 6624 
6224 6604 6624 
6204 6224 6604 
6604 6605 7004 
6205 6604 6605 
6205 6225 6605 
5806 6205 6225 
5826 6206 6225 
5806 5826 6206 
5806 5825 5826 
5806 5825 6225 
5825 5826 6225 
6225 6605 6625 
6206 6605 6625 
6206 6226 6625 
6225 6226 6625 
6206 6225 6226 
6206 6207 6606 
6207 6208 6607 
5808 6207 6208 
5808 6188 6208 
5788 5808 6188 
5807 6206 6207 
5788 5807 5808 
5807 5808 6207 
6606 6607 7006 
6207 6606 6607 
6206 6605 6606 
6605 6606 7005 
6603 6604 7003 
6602 6603 7002 
6203 6602 6603 
6603 7002 7022 
6603 6623 7003 
6603 6623 7022 
6623 7022 7023 
6623 7003 7023 
7022 7023 7422 
7022 7421 7441 
7042 7422 7441 
7022 7042 7422 
7022 7042 7441 
7441 7460 7461 
7441 7461 7841 
7461 7841 7861 
7461 7861 7880 
7460 7461 7480 
7461 7480 7481 
7461 7481 7880 
7480 7481 7500 
7481 7861 7880 
7461 7462 7861 
7461 7481 7861 
7461 7462 7481 
7462 7862 7881 
7462 7842 7862 
7442 7462 7842 
7442 7462 7861 
7442 7841 7861 
7442 7822 7842 
7422 7441 7442 
7441 7442 7841 
7423 7442 7822 
7023 7422 7442 
7043 7423 7442 
7023 7043 7423 
7023 7043 7442 
7462 7481 7482 
7462 7482 7881 
7481 7482 7501 
7482 7862 7881 
7463 7482 7862 
7463 7464 7863 
7463 7464 7483 
7464 7844 7864 
7444 7464 7844 
7444 7464 7863 
7444 7843 7863 
7444 7445 7844 
7425 7444 7445 
7025 7424 7444 
7025 7045 7425 
7025 7045 7444 
7045 7425 7444 
7464 7483 7484 
7483 7484 7503 
7464 7465 7484 
7464 7465 7864 
7465 7484 7485 
7484 7485 7504 
7484 7503 7504 
7503 7504 7523 
7144 7145 7164 
7144 7524 7543 
6782 7162 7181 
6763 6782 7162 
6383 6763 6782 
6364 6383 6763 
5964 6364 6383 
5964 5983 6383 
3887 3906 4306 
3067 3086 3486 
3486 3505 3905 
3086 3466 3486 
3066 3466 3485 
3067 3086 3466 
3066 3085 3485 
3905 4285 4305 
4285 4304 4704 
4305 4324 4704 
4304 4703 4723 
4304 4684 4704 
4284 4303 4703 
4304 4323 4703 
3884 4264 4284 
4244 4264 4663 
4244 4643 4663 
4243 4244 4643 
4242 4622 4642 
4222 4242 4622 
4602 4622 5021 
4602 5001 5021 
4222 4602 4621 
4203 4602 4622 
4202 4222 4602 
4222 4223 4622 
4203 4223 4622 
6241 6261 6641 
6621 6640 7040 
6641 7021 7040 
6621 6641 7021 
6621 7020 7040 
7041 7421 7440 
7021 7041 7421 
7021 7040 7041 
7041 7440 7460 
7041 7060 7061 
7061 7460 7480 
7061 7081 7480 
7080 7081 7100 
7081 7480 7500 
7081 7101 7500 
7100 7101 7120 
7101 7500 7520 
7101 7121 7520 
7101 7120 7121 
7120 7121 7140 
7121 7521 7540 
7121 7501 7520 
7102 7501 7521 
7101 7102 7121 
7101 7121 7501 
7082 7102 7501 
7101 7481 7501 
7082 7481 7501 
7081 7082 7101 
7081 7101 7481 
7062 7081 7082 
7062 7082 7481 
7062 7461 7481 
7081 7461 7481 
7061 7081 7461 
7061 7062 7461 
6662 7061 7062 
6681 6701 7081 
6682 7081 7101 
6682 6702 7101 
6282 6283 6682 
5883 6282 6283 
5863 5883 6282 
5863 6262 6282 
6262 6282 6662 
6282 6662 6682 
5862 6242 6261 
6242 6262 6661 
6262 6642 6661 
6642 6661 7061 
6642 6662 7042 
6642 7042 7061 
6662 7042 7061 
6681 7080 7100 
6681 6701 7100 
5063 5064 5463 
4664 5063 5064 
4663 4664 5063 
4264 4663 4664 
4265 4664 4665 
4285 4304 4684 
4284 4285 4304 
3885 4284 4285 
3885 4265 4285 
3865 3884 4284 
3885 3904 4284 
3884 3885 3904 
3884 4283 4303 
4284 4303 4683 
4303 4683 4703 
5522 5541 5921 
4703 5083 5103 
4323 4703 4723 
4704 4723 5103 
4684 4703 5103 
4684 5083 5103 
5064 5084 5483 
5464 5863 5883 
5463 5464 5863 
5064 5464 5483 
5064 5463 5464 
5463 5862 5863 
5843 5862 5863 
5843 5863 6262 
5843 6242 6262 
5843 5862 6242 
5462 5861 5862 
6641 6661 7041 
6661 7041 7060 
6641 7040 7041 
6242 6641 6661 
6242 6261 6641 
6661 7060 7061 
5842 5861 5862 
5842 5862 6261 
5842 6241 6261 
5841 5842 5861 
5822 5842 6241 
5822 6221 6241 
5022 5042 5422 
5042 5422 5441 
5422 5441 5442 
5043 5063 5443 
5043 5443 5462 
5063 5443 5463 
5443 5462 5862 
5443 5463 5843 
5463 5843 5862 
5443 5843 5862 
3103 3483 3503 
3084 3103 3483 
3064 3083 3483 
3064 3463 3483 
3464 3483 3863 
3064 3444 3464 
3443 3444 3843 
3044 3443 3444 
3044 3443 3463 
3843 3844 4243 
3844 4243 4244 
3444 3843 3844 
3464 3844 3864 
3464 3863 3883 
3484 3864 3884 
3884 3903 4283 
3903 4283 4303 
3484 3883 3903 
3504 3884 3904 
3884 3903 4303 
3904 4284 4304 
4304 4323 4723 
5526 5545 5945 
5546 5945 5946 
5546 5926 5946 
5926 5945 6345 
5946 5965 6345 
5945 5946 5965 
5945 6345 6364 
5945 5964 6364 
5565 5945 5965 
5545 5945 5964 
5545 5564 5964 
5108 5127 5527 
5108 5508 5527 
5490 5509 5909 
5490 5890 5909 
5510 5890 5910 
5890 5909 6309 
5090 5490 5509 
5090 5109 5509 
5071 5090 5490 
4691 5071 5091 
4671 5071 5090 
4671 4690 5090 
5492 5511 5911 
5911 6291 6311 
6291 6311 6710 
6329 6709 6729 
6309 6329 6709 
6290 6310 6709 
6290 6309 6689 
6290 6689 6709 
6309 6689 6709 
5929 6329 6348 
6366 6746 6765 
6347 6366 6746 
6746 6765 7145 
6765 7145 7164 
7126 7127 7146 
7107 7127 7526 
7107 7126 7127 
6746 7126 7145 
6727 6746 7126 
6727 7126 7146 
5947 5966 6366 
5947 5966 6346 
5927 5946 6346 
5947 6346 6347 
5947 6327 6347 
6327 6347 6746 
6346 6347 6746 
6327 6726 6746 
6327 6346 6726 
6346 6745 6746 
6346 6726 6745 
6726 6746 7145 
6745 6746 7145 
6726 7125 7145 
6725 6745 7125 
6725 6726 6745 
6706 6726 7125 
6326 6706 6725 
6326 6725 6726 
6307 6706 6726 
6326 6327 6726 
6307 6327 6726 
5927 6307 6327 
5907 6306 6326 
5907 6287 6307 
6287 6307 6706 
6306 6326 6706 
6287 6306 6686 
6287 6686 6706 
6306 6705 6706 
6306 6686 6705 
6686 6706 7105 
6705 6725 7105 
6705 6706 6725 
6706 7105 7125 
6725 7105 7125 
6686 7085 7105 
6705 7085 7105 
6685 6686 7085 
6685 6705 7085 
6286 6685 6686 
6286 6686 6705 
6285 6286 6685 
6685 6705 7104 
6704 7084 7104 
6685 7084 7104 
6684 6704 7084 
6684 6685 7084 
6285 6684 6685 
6284 6285 6684 
6284 6683 6684 
6283 6284 6683 
5884 6283 6284 
5883 5884 6283 
5484 5883 5884 
5464 5484 5883 
5084 5464 5483 
5085 5104 5484 
4685 5084 5104 
4685 4704 5104 
4305 4704 4705 
4305 4685 4705 
4286 4305 4685 
4285 4286 4305 
4266 4285 4685 
4286 4666 4686 
4286 4685 4686 
4686 4705 5085 
4685 4686 4705 
4666 5065 5066 
5065 5066 5465 
4664 4665 5064 
4665 5064 5065 
5064 5084 5464 
5064 5065 5464 
5065 5464 5465 
5464 5465 5864 
5464 5484 5864 
5484 5864 5884 
5465 5864 5884 
5465 5485 5884 
5085 5484 5504 
5086 5105 5485 
4686 5085 5105 
5085 5104 5504 
4705 5085 5105 
4705 5104 5105 
5104 5105 5124 
5105 5124 5504 
5124 5504 5524 
5124 5523 5543 
5124 5143 5543 
5125 5144 5524 
5124 5143 5523 
5104 5123 5523 
4724 5104 5124 
4704 4723 5123 
4324 4704 4724 
4705 4724 5124 
4305 4324 4724 
4305 4705 4724 
4286 4305 4705 
3906 4286 4306 
3886 4286 4305 
3887 3906 4286 
3867 3886 4286 
3867 4267 4286 
3868 3887 4267 
3867 3868 3887 
3848 3867 3868 
3848 3868 4267 
3848 3867 4267 
3887 4286 4287 
3887 4267 4287 
4267 4286 4686 
4286 4287 4306 
4287 4306 4686 
4286 4686 4705 
4306 4686 4706 
3886 3905 4305 
4704 5103 5123 
5104 5123 5503 
4723 5103 5123 
5123 5503 5523 
6283 6682 6683 
6683 6703 7102 
6683 7082 7102 
6682 6702 7082 
6682 6683 7082 
6702 7082 7101 
6702 7101 7102 
6702 6722 7102 
6703 7102 7122 
6722 7102 7122 
6703 6723 7122 
6722 6742 7122 
6742 7122 7142 
6723 7122 7142 
6723 6743 7142 
6742 6743 6762 
6742 6762 7142 
6743 7142 7162 
6762 6763 7162 
6743 6763 7162 
6363 6762 6763 
6363 6743 6762 
6344 6363 6743 
6344 6743 6763 
6344 6364 6763 
6363 6364 6763 
5964 6344 6364 
5964 6363 6364 
5944 5963 6363 
5964 5983 6363 
5963 6363 6382 
5963 5982 6382 
5563 5962 5982 
5563 5943 5963 
5543 5562 5962 
5563 5582 5962 
5563 5582 5982 
5561 5941 5961 
6321 6721 6740 
6701 6721 7120 
6701 7100 7120 
6321 6341 6721 
6341 6721 6740 
6341 6741 6760 
6741 7140 7160 
6741 6761 7160 
6761 6781 7180 
6381 6761 6780 
6362 6762 6781 
6362 6742 6761 
6742 6762 7161 
6761 6781 7161 
6781 7161 7180 
6762 7162 7181 
6762 7142 7161 
6761 7161 7180 
6761 7141 7160 
6742 7141 7161 
6741 6761 7141 
6342 6742 6761 
6361 6741 6760 
6361 6761 6780 
6341 6361 6760 
6321 6341 6740 
5542 5941 5961 
5542 5561 5961 
5982 6362 6382 
6362 6382 6781 
5963 5982 6362 
5943 5962 6362 
5963 6343 6363 
5963 6362 6363 
6343 6363 6762 
6362 6363 6762 
6343 6742 6762 
6342 6362 6742 
5943 6342 6362 
5943 6323 6343 
6323 6343 6742 
6342 6722 6741 
6722 6742 7141 
6741 7121 7141 
6722 7121 7141 
6721 6741 7121 
6322 6722 6741 
6702 6722 7121 
6721 7101 7121 
6702 7101 7121 
6701 6721 7101 
5504 5523 5903 
5523 5903 5923 
5523 5922 5942 
5923 5942 6322 
5542 5922 5942 
5522 5541 5941 
5523 5542 5922 
5143 5523 5543 
5523 5542 5942 
5543 5562 5942 
5527 5546 5946 
5547 5927 5947 
5527 5926 5946 
5528 5547 5927 
5508 5527 5927 
5528 5908 5927 
5508 5908 5927 
5546 5946 5965 
5546 5565 5965 
5544 5563 5963 
5564 5944 5964 
5544 5943 5963 
5944 5963 6343 
5924 5943 6343 
5944 6324 6344 
6324 6344 6743 
6343 6344 6743 
6324 6723 6743 
6343 6723 6742 
6343 6742 6743 
6323 6343 6723 
5924 6323 6343 
5924 6304 6324 
6304 6324 6723 
6304 6704 6723 
6684 6704 7103 
6684 7083 7103 
6703 7083 7103 
6683 6684 7083 
6683 6703 7083 
6703 6723 7103 
6704 7103 7123 
6723 7103 7123 
6704 6724 7123 
6723 6743 7123 
6723 6724 6743 
6724 7123 7143 
6743 7123 7143 
6743 6744 7143 
6724 6744 7143 
6344 6743 6744 
6344 6724 6743 
6325 6724 6744 
6325 6345 6744 
6344 6345 6744 
5945 6325 6345 
5945 6344 6345 
5925 6324 6344 
6324 6344 6724 
6305 6325 6724 
6305 6705 6724 
6704 6724 7104 
6724 7104 7124 
6705 7104 7124 
6705 6725 7124 
6325 6724 6725 
6325 6705 6724 
6306 6705 6725 
6305 6325 6705 
6286 6306 6705 
6306 6326 6725 
6325 6345 6725 
6326 6725 6745 
6345 6346 6745 
6326 6346 6745 
5946 6345 6346 
5946 6326 6346 
6345 6725 6744 
6345 6744 6745 
6744 6745 7144 
6725 6745 7144 
6744 7124 7144 
6725 7124 7144 
6724 6744 7124 
6724 6725 6744 
6304 6324 6704 
5886 6285 6286 
5906 5925 6305 
5506 5905 5925 
5506 5886 5906 
5506 5507 5526 
5507 5526 5906 
5487 5506 5906 
5107 5506 5507 
5107 5487 5507 
5506 5525 5925 
5126 5506 5526 
5106 5506 5525 
5106 5125 5525 
5125 5144 5544 
5125 5524 5544 
5125 5505 5525 
5505 5524 5924 
5506 5525 5905 
5505 5506 5525 
5486 5505 5905 
5106 5505 5506 
5106 5486 5506 
5525 5905 5925 
5905 5924 6324 
5905 6304 6324 
5925 6305 6325 
5925 5944 6324 
5525 5924 5944 
5526 5545 5925 
5525 5544 5944 
5545 5564 5944 
5545 5944 5945 
5545 5925 5945 
5925 5944 6344 
5944 5945 5964 
5945 5964 6344 
5505 5904 5924 
5905 5924 6304 
5885 6284 6285 
5884 5885 6284 
5485 5884 5885 
5505 5524 5904 
5504 5505 5524 
5524 5904 5924 
5524 5923 5943 
5524 5543 5943 
5544 5563 5943 
5144 5524 5544 
5525 5544 5924 
5544 5924 5944 
5924 5943 6323 
5923 6322 6342 
6322 6342 6722 
5923 5942 6342 
5943 5962 6342 
5562 5942 5962 
5942 6322 6342 
6322 6342 6741 
6341 6361 6741 
5962 6342 6362 
6361 6381 6761 
6342 6362 6761 
5543 5942 5962 
5543 5923 5943 
5524 5543 5923 
5504 5523 5923 
5504 5903 5923 
5105 5485 5505 
5105 5504 5505 
5486 5505 5885 
5086 5485 5505 
5047 5067 5466 
5066 5446 5466 
5047 5446 5466 
5046 5066 5446 
5046 5047 5446 
4667 5047 5067 
4667 5066 5086 
5466 5486 5885 
5505 5885 5905 
5107 5126 5506 
5526 5906 5926 
5526 5925 5945 
5926 5945 6325 
5906 5925 6325 
6324 6723 6724 
6324 6704 6723 
6323 6723 6742 
5944 6343 6363 
6343 6344 6363 
3338 3358 3757 
3338 3738 3757 
4216 4596 4616 
4196 4216 4596 
4196 4216 4615 
4196 4595 4615 
4215 4595 4615 
4195 4215 4595 
3815 4195 4215 
3815 3835 4215 
3835 4215 4235 
4216 4235 4615 
4215 4235 4615 
4271 4290 4690 
4271 4671 4690 
4252 4271 4671 
4252 4652 4671 
4272 4652 4672 
4253 4272 4652 
3853 4252 4272 
3853 4233 4253 
3833 4233 4252 
3833 3852 4252 
3433 3833 3852 
3433 3452 3852 
3853 3872 4272 
3834 3853 4253 
3834 4234 4253 
2977 3376 3377 
3376 3377 3396 
3377 3396 3776 
3376 3776 3795 
3376 3396 3776 
3376 3395 3795 
3395 3795 3814 
3395 3414 3814 
2976 2995 3395 
2976 3376 3395 
3014 3414 3433 
3014 3033 3433 
3432 3451 3831 
3032 3412 3432 
3013 3032 3412 
2993 3012 3412 
2613 2993 3013 
2593 2612 3012 
2593 2993 3012 
2594 2613 2993 
2574 2593 2993 
2574 2974 2993 
2594 2974 2994 
2594 2993 2994 
2974 2993 3393 
2993 2994 3013 
2994 3013 3393 
2993 3393 3412 
3013 3412 3413 
3013 3393 3413 
2974 3374 3393 
2975 2994 3374 
2974 2975 2994 
2955 2974 3374 
2975 3355 3375 
2975 3374 3375 
3374 3375 3774 
3355 3375 3774 
3355 3754 3774 
3355 3374 3754 
3374 3754 3773 
3374 3773 3774 
3773 3774 4173 
3754 3774 4173 
3754 3773 4153 
3773 4153 4173 
3754 4153 4173 
2955 3354 3374 
3354 3355 3374 
2955 3335 3355 
3354 3355 3754 
3335 3355 3754 
3354 3734 3754 
3335 3734 3754 
3334 3335 3734 
3334 3354 3734 
2935 3334 3354 
2935 3334 3335 
2935 2936 2955 
2936 2955 3335 
2916 2936 3335 
2916 2935 2936 
2916 2935 3335 
2935 2954 3354 
2955 2974 3354 
2974 3373 3374 
2974 3354 3374 
3354 3374 3773 
3373 3374 3773 
3354 3753 3773 
3373 3772 3773 
3373 3753 3772 
3772 3773 4172 
3753 3773 4172 
3772 4152 4172 
3753 4152 4172 
3753 3772 4152 
3353 3354 3753 
3353 3373 3753 
2954 3353 3373 
3334 3353 3354 
2954 3334 3354 
2935 2954 3334 
2915 2935 3334 
2915 2934 2935 
2515 2915 2934 
2515 2535 2934 
2535 2554 2934 
2514 2534 2914 
2495 2515 2914 
2495 2894 2914 
2894 2914 3313 
2913 2933 3313 
2514 2914 2933 
2534 2914 2933 
2515 2895 2914 
2496 2895 2915 
2496 2516 2915 
2496 2515 2516 
2515 2516 2535 
2515 2535 2915 
2535 2915 2935 
2516 2915 2935 
2516 2536 2935 
2516 2535 2536 
2536 2555 2935 
2136 2535 2536 
2538 2557 2937 
2537 2557 2937 
2518 2537 2937 
2518 2538 2937 
2557 2957 2976 
2557 2576 2976 
2576 2976 2995 
5857 6257 6276 
5857 5876 6276 
5457 5857 5876 
5457 5476 5876 
5474 5493 5893 
5474 5874 5893 
5494 5874 5894 
5874 5893 6293 
5894 6274 6294 
6274 6294 6693 
6274 6673 6693 
6274 6293 6673 
6293 6673 6692 
6673 6693 7092 
6673 7072 7092 
6673 6692 7072 
6692 7072 7091 
7072 7073 7092 
7033 7034 7053 
7033 7034 7433 
7034 7053 7054 
7053 7054 7073 
6674 7054 7073 
6655 6674 7054 
6655 7054 7074 
6655 6675 7074 
5838 6218 6238 
5818 5838 6218 
5818 6198 6218 
5798 5818 6198 
5798 6197 6198 
5418 5798 5818 
5398 5418 5798 
5418 5438 5818 
5418 5438 5837 
5437 5457 5837 
5457 5837 5857 
5438 5837 5838 
5837 5857 6237 
5837 5838 6237 
5857 6237 6257 
5838 6237 6238 
6237 6257 6637 
6237 6238 6637 
6257 6637 6657 
6637 7036 7056 
6637 6657 7056 
4655 4674 5054 
4654 5054 5073 
4654 4673 5073 
4674 5054 5074 
5474 5493 5873 
5454 5473 5873 
5454 5853 5873 
5854 5873 6253 
5853 6233 6252 
6233 6253 6652 
6233 6632 6652 
6252 6632 6652 
6232 6252 6632 
6232 6233 6632 
5833 6233 6252 
5833 6232 6233 
5852 6232 6252 
5832 5833 6232 
5832 5852 6232 
5433 5832 5833 
5453 5472 5852 
5053 5452 5472 
5053 5433 5453 
5452 5851 5871 
5852 6251 6252 
6251 6252 6651 
6251 6271 6651 
6252 6651 6671 
6271 6272 6671 
6252 6272 6671 
5872 5891 6271 
5871 5872 5891 
5472 5852 5872 
5472 5871 5872 
5872 5873 5892 
5873 5892 6272 
5892 6272 6292 
5892 6291 6292 
6291 6292 6691 
6272 6292 6691 
6272 6671 6691 
6272 6291 6671 
6291 6690 6691 
6291 6671 6690 
6671 6691 7090 
6690 6691 7090 
6671 7070 7090 
6670 6671 6690 
6670 6690 7070 
6651 6671 7070 
6651 7050 7070 
6670 7050 7070 
6650 6651 7050 
6650 6651 6670 
6650 6670 7050 
6271 6670 6671 
6271 6651 6670 
6690 7089 7090 
6690 7070 7089 
7070 7071 7090 
7051 7070 7071 
6691 7071 7090 
6672 6691 7071 
6672 7071 7091 
6672 6692 7091 
6292 6672 6691 
6273 6672 6692 
6273 6292 6672 
6273 6293 6692 
6693 7073 7092 
6674 6693 7073 
6292 6311 6691 
5893 6273 6293 
5873 6273 6292 
5873 5874 5893 
5874 5893 6273 
5854 5873 6273 
5474 5854 5874 
5474 5873 5874 
5855 5874 6254 
5854 5855 5874 
5455 5854 5855 
5455 5835 5855 
5435 5455 5835 
5435 5834 5854 
5435 5834 5835 
5834 5835 6234 
5835 6234 6235 
6234 6254 6634 
6234 6235 6634 
6235 6634 6654 
6254 6653 6654 
6254 6634 6653 
6634 6654 7053 
6653 6673 7053 
6653 6654 6673 
6654 7053 7073 
6673 7053 7072 
6673 7072 7073 
6654 6674 7073 
6673 6674 7073 
6274 6673 6674 
6274 6654 6673 
6255 6654 6674 
6255 6274 6654 
6274 6275 6674 
6255 6275 6674 
5875 6255 6275 
5875 6274 6275 
5855 6255 6274 
5855 5875 6255 
5855 5874 6274 
5875 5894 6274 
5475 5874 5894 
5875 5894 6294 
5875 6275 6294 
6256 6276 6675 
5876 6256 6276 
5856 6256 6275 
5856 5876 6256 
5856 5875 6275 
5476 5856 5876 
5456 5856 5875 
5457 5476 5856 
5437 5456 5856 
5437 5457 5856 
5037 5437 5456 
5037 5056 5456 
4637 5037 5056 
4637 4656 5056 
5018 5398 5418 
4998 5018 5398 
5398 5797 5798 
5797 5798 6197 
5397 5777 5797 
5377 5397 5777 
4997 5377 5397 
4997 5017 5397 
4998 5397 5417 
5017 5397 5417 
4998 5018 5417 
5017 5037 5417 
5037 5417 5437 
5018 5417 5418 
5417 5418 5817 
5417 5437 5817 
5418 5817 5837 
5437 5817 5837 
4998 5397 5398 
5397 5398 5797 
4597 4617 5016 
4617 4636 5016 
4616 4636 5016 
4236 4616 4636 
4216 4236 4616 
4597 4996 5016 
4616 4996 5016 
4596 4616 4996 
4577 4597 4996 
4577 4976 4996 
4596 4976 4996 
4576 4596 4976 
4176 4196 4576 
4196 4576 4596 
3377 3757 3776 
2958 3357 3358 
3357 3377 3757 
3357 3358 3757 
2977 3357 3377 
2957 3357 3376 
2977 3357 3376 
2957 2976 3376 
2938 2957 3357 
2938 2958 3357 
3757 3776 4156 
4176 4575 4576 
4575 4576 4975 
4576 4975 4976 
4975 4976 5375 
4956 4976 5375 
4956 5355 5375 
4975 5355 5375 
4955 4975 5355 
4575 4955 4975 
3776 4156 4175 
4175 4195 4575 
4195 4575 4595 
4176 4575 4595 
4176 4196 4595 
3776 3795 4175 
3795 4175 4195 
3795 3815 4195 
3795 3815 4214 
3815 3834 4214 
3814 3834 4214 
3814 4194 4214 
3795 4194 4214 
3795 3814 4194 
5056 5456 5475 
5056 5075 5475 
4655 5055 5074 
5056 5075 5455 
5055 5455 5474 
5075 5455 5475 
5455 5474 5874 
5455 5855 5874 
5475 5855 5875 
5455 5456 5475 
5456 5475 5855 
5436 5455 5855 
5056 5455 5456 
5056 5436 5456 
5036 5436 5455 
5037 5056 5436 
5036 5037 5056 
5017 5037 5436 
5017 5036 5436 
5017 5036 5037 
5036 5055 5455 
4656 5036 5056 
5436 5836 5855 
5436 5456 5836 
5456 5855 5856 
5456 5836 5856 
5836 5855 6255 
5855 5856 6255 
5836 5856 6255 
5475 5494 5874 
5456 5475 5875 
5055 5074 5474 
5892 6292 6311 
5873 5892 6292 
5493 5873 5893 
5473 5873 5892 
5473 5492 5892 
5073 5473 5492 
5073 5092 5492 
5491 5510 5910 
5491 5891 5910 
5511 5891 5911 
5891 5910 6310 
5891 6291 6310 
5892 5911 6291 
5492 5891 5911 
5892 5911 6311 
6276 6656 6675 
6257 6276 6656 
6257 6656 6657 
6656 6657 7056 
6597 6996 7016 
6597 6617 7016 
6617 7016 7036 
7016 7036 7435 
7016 7415 7435 
7071 7072 7091 
7052 7071 7072 
7051 7052 7451 
7051 7052 7071 
7035 7415 7435 
7015 7035 7434 
7015 7035 7415 
7035 7036 7055 
7035 7036 7435 
6656 7036 7056 
6656 7036 7055 
6656 6675 7055 
6675 7055 7074 
5438 5818 5838 
3258 3278 3658 
2878 2898 3278 
4494 4874 4894 
4474 4494 4893 
4474 4494 4874 
4474 4873 4893 
4474 4854 4874 
4454 4474 4873 
4455 4474 4854 
4055 4454 4474 
4055 4075 4455 
4075 4455 4474 
4055 4075 4474 
4035 4055 4454 
4035 4434 4454 
4453 4454 4853 
4054 4453 4454 
4054 4434 4454 
4034 4054 4453 
4034 4054 4434 
4034 4433 4453 
4433 4453 4852 
4453 4852 4872 
4453 4473 4872 
4453 4473 4853 
4473 4853 4873 
4473 4872 4892 
4493 4873 4892 
4473 4493 4892 
4473 4493 4873 
4454 4853 4873 
4455 4854 4874 
4873 4892 4893 
4892 4893 4912 
4870 4890 5289 
4870 5269 5289 
4870 5250 5270 
4850 4870 5250 
4850 4870 5269 
4850 5249 5269 
5249 5269 5668 
5249 5648 5668 
5648 5667 5668 
4431 4830 4850 
4451 4831 4850 
4431 4451 4831 
4431 4451 4850 
4430 4431 4830 
4031 4430 4431 
4031 4032 4431 
3632 4031 4032 
3631 3632 4031 
3232 3631 3632 
4032 4033 4432 
3633 4032 4033 
4432 4433 4832 
4033 4432 4433 
4911 4912 4931 
4892 4911 4912 
4891 4892 4911 
4872 4891 4892 
4871 4872 4891 
4852 4871 4872 
4452 4851 4871 
4472 4852 4871 
4452 4472 4852 
4452 4472 4871 
4452 4832 4852 
4432 4452 4832 
4432 4452 4851 
4432 4831 4851 
4431 4432 4831 
4032 4431 4432 
4829 4830 5229 
4430 4829 4830 
4410 4430 4829 
4410 4809 4829 
4809 4829 5228 
4829 5228 5229 
5228 5229 5628 
5229 5628 5648 
5229 5249 5648 
4830 5229 5249 
4830 4850 5249 
4809 5208 5228 
4851 5250 5270 
4851 4871 5270 
4850 4851 5250 
4831 4850 4851 
4055 4056 4455 
3656 4055 4056 
3656 4036 4056 
3636 3656 4036 
3636 3656 4055 
3636 4035 4055 
3636 3637 4036 
3237 3636 3637 
3635 3636 4035 
3236 3635 3636 
4455 4475 4874 
4475 4874 4894 
4475 4495 4894 
4475 4476 4495 
4456 4475 4476 
4057 4456 4476 
4057 4077 4476 
4056 4057 4456 
3657 4056 4057 
3637 3657 4056 
3637 4036 4056 
3257 3637 3657 
3237 3257 3637 
3257 3258 3657 
3258 3657 3658 
3657 3658 4057 
3658 4057 4077 
3658 3678 4077 
3278 3658 3678 
4056 4455 4475 
4056 4076 4456 
4076 4456 4475 
4056 4076 4475 
3634 4033 4034 
4033 4034 4433 
3633 3634 4033 
3234 3633 3634 
3233 3234 3633 
3233 3632 3633 
3632 3633 4032 
2833 3232 3233 
3232 3233 3632 
3231 3232 3631 
2833 2853 3233 
2834 3233 3253 
2853 3233 3253 
2834 2854 3253 
2853 2854 3253 
2454 2853 2854 
2836 3235 3236 
3235 3236 3635 
2835 2855 3235 
2855 3235 3255 
2836 3235 3255 
2836 2856 3255 
2855 2856 3255 
2456 2855 2856 
2456 2476 2856 
2476 2856 2876 
2457 2856 2876 
2457 2477 2876 
2476 2496 2876 
2496 2876 2896 
2477 2876 2896 
2477 2497 2896 
2097 2496 2497 
2518 2538 2918 
2538 2918 2938 
2918 2938 3318 
2938 3318 3338 
2938 2958 3338 
2958 3338 3358 
2538 2938 2957 
2538 2557 2957 
3318 3338 3718 
3338 3718 3738 
2518 2898 2918 
2498 2518 2898 
2498 2878 2898 
2478 2498 2878 
2117 2497 2517 
2116 2136 2516 
2136 2516 2536 
2117 2516 2517 
2517 2536 2916 
2516 2536 2916 
2497 2517 2916 
2497 2516 2517 
2516 2896 2916 
2497 2896 2916 
2496 2516 2896 
2496 2497 2516 
2097 2117 2516 
2116 2496 2516 
2097 2496 2516 
2096 2116 2496 
2457 2477 2857 
2457 2856 2857 
2856 2857 3256 
2837 2857 3256 
2856 3236 3256 
2837 3236 3256 
2836 2856 3236 
2455 2475 2855 
2475 2855 2875 
2456 2855 2875 
2455 2854 2855 
2854 2855 3254 
2835 2855 3254 
2854 3234 3254 
2835 3234 3254 
2834 2854 3234 
3234 3235 3634 
2835 3234 3235 
2834 3233 3234 
4034 4035 4434 
3635 4034 4035 
4870 4871 5270 
4870 4871 4890 
4871 4890 4891 
4496 4515 4516 
4515 4516 4535 
4136 4516 4536 
4136 4516 4535 
4136 4535 4555 
4136 4536 4555 
4097 4496 4516 
4097 4117 4516 
4117 4516 4536 
4117 4137 4536 
4494 4513 4913 
4494 4513 4893 
4513 4893 4912 
4494 4514 4913 
4494 4495 4514 
4494 4495 4894 
2858 2878 3258 
2878 3258 3278 
6617 6637 7036 
7015 7016 7415 
6996 7015 7016 
6294 6674 6693 
6275 6294 6674 
3013 3032 3432 
3013 3413 3432 
3014 3033 3413 
2994 3013 3413 
2994 3394 3413 
2995 3014 3394 
3014 3413 3414 
3014 3394 3414 
3394 3414 3813 
3394 3413 3813 
3414 3433 3813 
3413 3414 3433 
3413 3433 3813 
3033 3413 3433 
3433 3452 3832 
3413 3432 3832 
3413 3433 3832 
3432 3831 3851 
3432 3812 3832 
3432 3451 3851 
3452 3832 3852 
3853 3872 4252 
3872 4252 4272 
3852 3871 4271 
4271 4290 4670 
4270 4670 4689 
4290 4670 4690 
4270 4289 4689 
4270 4289 4669 
4269 4669 4688 
4289 4669 4689 
4669 4688 5088 
4269 4288 4688 
3850 3869 4269 
3869 3888 4288 
3868 3887 4287 
3868 4268 4287 
3888 4268 4288 
3887 4287 4306 
4251 4270 4670 
3871 4251 4271 
3851 3870 4270 
5929 5948 6348 
6329 6728 6729 
6728 6729 7128 
6329 6348 6728 
5072 5091 5491 
5072 5472 5491 
5073 5092 5472 
5092 5472 5492 
5472 5491 5891 
5492 5511 5891 
5472 5872 5891 
5492 5872 5892 
5872 5891 6291 
5473 5492 5872 
5472 5473 5492 
5453 5472 5872 
5453 5852 5872 
5434 5833 5834 
5833 5834 6233 
5833 5853 6233 
5834 6233 6234 
6233 6253 6633 
6233 6234 6633 
6253 6633 6653 
6234 6633 6653 
6234 6254 6653 
5454 5834 5854 
5435 5454 5834 
5415 5435 5834 
5035 5415 5435 
5016 5035 5415 
5015 5016 5035 
5015 5016 5415 
5015 5034 5035 
5015 5034 5434 
5035 5054 5434 
5034 5035 5054 
5034 5433 5453 
5034 5414 5434 
5014 5034 5414 
5014 5413 5414 
5413 5433 5813 
5413 5414 5813 
5433 5813 5833 
5414 5813 5833 
5414 5434 5833 
5054 5434 5454 
5054 5453 5454 
5453 5454 5473 
5454 5473 5853 
5414 5415 5434 
5015 5414 5434 
5015 5414 5415 
5035 5434 5454 
5035 5054 5454 
5055 5074 5454 
5054 5055 5074 
5054 5454 5473 
5074 5454 5474 
5054 5073 5473 
4655 5035 5055 
4655 5054 5055 
4635 5035 5054 
4635 4654 5054 
4255 4635 4655 
4235 4635 4654 
4236 4255 4635 
4216 4236 4635 
4216 4235 4635 
4235 4254 4654 
4636 4655 5035 
4635 4636 4655 
4616 4635 5035 
4616 4635 4636 
4616 4636 5035 
5035 5036 5435 
5035 5036 5055 
5036 5055 5435 
5055 5454 5455 
5055 5435 5455 
5435 5454 5854 
5454 5455 5474 
5455 5474 5854 
5434 5814 5834 
5415 5434 5814 
5415 5814 5834 
5854 6253 6273 
6253 6273 6653 
6254 6653 6673 
6273 6653 6672 
6273 6672 6673 
6653 6673 7072 
6672 6673 7072 
6672 7052 7072 
6653 7052 7072 
6652 6672 7052 
6652 6653 7052 
6652 6653 6672 
6273 6274 6673 
6254 6274 6673 
5874 6273 6274 
5874 6254 6274 
5833 5853 6252 
5473 5853 5873 
5473 5872 5873 
5073 5453 5473 
5073 5472 5473 
4672 5072 5091 
5475 5494 5894 
4655 4674 5074 
6256 6275 6655 
6256 6655 6675 
6275 6655 6674 
5874 6274 6293 
6634 7033 7053 
6653 7033 7053 
6633 6653 7033 
6633 6634 7033 
6633 6634 6653 
6254 6255 6654 
6235 6255 6654 
5855 6254 6255 
5855 6235 6255 
5835 5855 6235 
7050 7051 7070 
7050 7051 7450 
7049 7069 7468 
7049 7448 7468 
7049 7429 7449 
7427 7446 7447 
7048 7428 7448 
7028 7048 7447 
7028 7048 7428 
7028 7427 7447 
7009 7028 7029 
7028 7029 7428 
7029 7428 7448 
7029 7049 7429 
7029 7049 7448 
7027 7028 7427 
6628 7008 7028 
6628 7027 7028 
6608 6628 7027 
6608 6628 7008 
6608 7007 7027 
6190 6589 6609 
6190 6210 6590 
6210 6590 6609 
6190 6209 6210 
6209 6210 6609 
6190 6209 6609 
6609 7008 7028 
6609 6629 7009 
6629 7009 7028 
6609 6628 7028 
6609 6628 6629 
6628 6629 7028 
6609 6610 7009 
6590 6609 6610 
6191 6590 6610 
6191 6211 6591 
6211 6591 6610 
6191 6210 6211 
6210 6211 6610 
6191 6210 6610 
6608 6609 7008 
6189 6209 6589 
6209 6608 6609 
6209 6589 6609 
6208 6209 6608 
6189 6208 6209 
7048 7447 7467 
7068 7448 7467 
7048 7068 7467 
7048 7068 7448 
7049 7050 7069 
7049 7050 7449 
7050 7069 7070 
7069 7070 7089 
7050 7430 7450 
7030 7050 7430 
7030 7050 7449 
7030 7429 7449 
7089 7090 7109 
6709 6729 7128 
6271 6272 6291 
5872 6271 6291 
5452 5471 5871 
5472 5491 5871 
5471 5472 5491 
5072 5471 5472 
5072 5452 5472 
5052 5451 5471 
5013 5033 5432 
5032 5412 5432 
5013 5412 5432 
5012 5013 5412 
5012 5032 5412 
5033 5432 5433 
5432 5433 5832 
5052 5071 5451 
5052 5053 5072 
5053 5072 5452 
5052 5071 5471 
5071 5072 5091 
5072 5091 5471 
5071 5471 5490 
5091 5471 5491 
4672 5052 5072 
4672 5071 5072 
6252 6272 6652 
6253 6652 6672 
6272 6652 6671 
6272 6671 6672 
6652 6672 7071 
6671 6672 7071 
6671 7051 7071 
6652 7051 7071 
6651 6652 6671 
6651 6671 7051 
6651 6652 7051 
6253 6273 6672 
6272 6273 6672 
5873 6253 6273 
5873 6272 6273 
2576 2595 2995 
2995 3014 3414 
2995 3395 3414 
2495 2515 2895 
2495 2496 2515 
2476 2496 2895 
2096 2495 2496 
2495 2875 2895 
2476 2875 2895 
2895 2915 3314 
2895 3294 3314 
2894 2914 3294 
2894 2895 2914 
2875 2895 3294 
2875 2894 2895 
2894 3274 3294 
2875 3274 3294 
2875 2894 3274 
2914 3294 3313 
3314 3333 3713 
3294 3314 3713 
3294 3313 3713 
3333 3713 3732 
3712 3713 3732 
3313 3712 3713 
3313 3712 3732 
3313 3332 3732 
2915 3315 3334 
3314 3315 3334 
2915 3314 3315 
2535 2934 2935 
2535 2934 2954 
2955 2956 2975 
2956 2975 3355 
2936 2955 3355 
2936 2956 3355 
2936 2955 2956 
2575 2974 2975 
2575 2955 2975 
2994 3393 3394 
2994 3374 3394 
3374 3394 3793 
3393 3394 3793 
3374 3773 3793 
3374 3393 3773 
3393 3773 3792 
3393 3792 3793 
3792 3793 4192 
3773 3793 4192 
3792 4172 4192 
3773 4172 4192 
3773 3792 4172 
2575 2594 2974 
2612 2992 3012 
3012 3031 3431 
3414 3433 3833 
3414 3434 3833 
3434 3833 3834 
3834 3853 4233 
3814 3833 3834 
3814 3833 4233 
3814 3834 4233 
4233 4252 4652 
4253 4633 4653 
4253 4652 4653 
4633 4652 5052 
4653 4672 5052 
4652 4653 4672 
4233 4234 4253 
4234 4253 4633 
4214 4233 4633 
4214 4233 4234 
4214 4614 4633 
4234 4614 4633 
4215 4234 4614 
4214 4215 4234 
4195 4215 4614 
4195 4214 4215 
4214 4594 4614 
4195 4594 4614 
4194 4214 4594 
4194 4195 4214 
4175 4194 4195 
4175 4195 4594 
4175 4574 4594 
4194 4574 4594 
4175 4194 4574 
3048 3428 3448 
3028 3048 3428 
3028 3408 3428 
3008 3028 3408 
3047 3067 3466 
3047 3066 3466 
3067 3467 3486 
5946 5965 6365 
5946 6346 6365 
5966 6346 6366 
6346 6366 6765 
6346 6365 6745 
6346 6745 6765 
6365 6745 6764 
6745 6765 7164 
5965 6345 6365 
6345 6365 6764 
6345 6364 6744 
6345 6744 6764 
6364 6744 6763 
6744 6764 7163 
7143 7144 7163 
7124 7143 7144 
7124 7144 7543 
7124 7524 7543 
7124 7504 7523 
7105 7504 7524 
7105 7124 7125 
7105 7125 7524 
7124 7144 7524 
7124 7125 7144 
7104 7105 7124 
7104 7124 7504 
7085 7104 7105 
7085 7105 7504 
7085 7484 7504 
7104 7484 7504 
7084 7085 7104 
7084 7104 7484 
7084 7085 7484 
7123 7143 7523 
7123 7124 7143 
7104 7123 7124 
7104 7124 7523 
7104 7503 7523 
7123 7503 7523 
7103 7104 7123 
7103 7123 7503 
7084 7104 7503 
7084 7103 7104 
7103 7483 7503 
7084 7483 7503 
7083 7084 7103 
7083 7103 7483 
7064 7083 7084 
7064 7084 7483 
7083 7463 7483 
7064 7083 7463 
7064 7463 7483 
7143 7523 7542 
7522 7523 7542 
7503 7522 7523 
7482 7483 7502 
7463 7482 7483 
7502 7503 7522 
7483 7502 7503 
7142 7522 7541 
7123 7522 7542 
7122 7142 7522 
7122 7123 7142 
7103 7123 7522 
7103 7122 7123 
7103 7502 7522 
7122 7502 7522 
7102 7122 7502 
7102 7103 7122 
7083 7103 7502 
7083 7102 7103 
7102 7482 7502 
7083 7482 7502 
7082 7102 7482 
7082 7083 7102 
7063 7083 7482 
7063 7082 7083 
7063 7462 7482 
7082 7462 7482 
7062 7063 7082 
7062 7082 7462 
7062 7063 7462 
7123 7142 7143 
7123 7143 7542 
7142 7143 7162 
7140 7141 7160 
7121 7141 7540 
7121 7140 7141 
7141 7142 7161 
7122 7142 7541 
7122 7141 7142 
7122 7521 7541 
7121 7141 7521 
7121 7122 7141 
7102 7122 7521 
7102 7121 7122 
7141 7521 7540 
7521 7522 7541 
7502 7521 7522 
7501 7502 7521 
7482 7501 7502 
7500 7501 7520 
7481 7500 7501 
6764 7144 7163 
6745 7144 7164 
6745 6764 7144 
6763 7143 7162 
6744 6763 7143 
6744 7143 7163 
5542 5561 5941 
5522 5921 5941 
5104 5503 5523 
5104 5484 5504 
5582 5962 5982 
6361 6381 6780 
6762 6782 7181 
6382 6762 6781 
6363 6382 6762 
6363 6762 6782 
6363 6383 6782 
5983 6363 6383 
6721 6741 7140 
6721 7120 7140 
4704 5084 5104 
4705 4724 5104 
4704 4705 4724 
2603 2623 3022 
2603 3002 3022 
2603 3002 3003 
3002 3003 3402 
3003 3383 3403 
3003 3402 3403 
3402 3403 3802 
3383 3402 3802 
2984 3003 3383 
2829 2849 3229 
2828 2848 3228 
2828 3227 3228 
2887 2907 3306 
2906 2926 3306 
2907 2927 3326 
2907 3307 3326 
2907 3287 3306 
2888 3287 3307 
2887 2907 3287 
2849 2869 3268 
2849 3248 3268 
2848 2868 3248 
2829 2849 3248 
2829 3228 3248 
2848 3228 3248 
2868 3248 3267 
2848 2868 3267 
2848 3247 3267 
2887 3287 3306 
3286 3306 3686 
3248 3647 3667 
3247 3248 3267 
3247 3646 3666 
3247 3646 3647 
3646 3647 4046 
3646 4045 4046 
4045 4046 4445 
4046 4445 4465 
4046 4066 4465 
3285 3685 3704 
4484 4883 4884 
4465 4845 4865 
4445 4465 4845 
4445 4844 4864 
4445 4844 4845 
4844 4845 5244 
4844 4864 5244 
4445 4464 4864 
4086 4105 4106 
3287 3687 3706 
3248 3268 3667 
3268 3668 3687 
3268 3667 3668 
3648 3667 3668 
3648 3668 4067 
3648 4047 4067 
3647 3648 4047 
3647 3667 4047 
3647 3648 3667 
3667 4047 4066 
4086 4087 4486 
4047 4066 4466 
4047 4067 4466 
4086 4087 4106 
3668 4067 4087 
3668 3688 4087 
3688 4087 4088 
4087 4088 4107 
3288 3688 3707 
3288 3668 3687 
3269 3668 3688 
3269 3289 3688 
3288 3308 3688 
2889 3289 3308 
2889 3269 3288 
2870 3269 3289 
2869 2889 3269 
2850 2870 3269 
2850 3249 3269 
2849 2869 3249 
2830 2850 3249 
2849 3229 3249 
2830 3229 3249 
2869 3249 3268 
3249 3269 3668 
3268 3288 3668 
2869 3269 3288 
3249 3648 3668 
3268 3648 3668 
3248 3249 3268 
3248 3268 3648 
3229 3248 3249 
3229 3249 3648 
3248 3628 3648 
3229 3628 3648 
3228 3229 3248 
3228 3248 3628 
3209 3229 3628 
3209 3608 3628 
3228 3608 3628 
3208 3228 3608 
2829 3228 3229 
2889 2909 3289 
2870 2890 3289 
2888 2908 3288 
2889 2909 3308 
2908 2928 3308 
2908 3288 3307 
3484 3503 3903 
3485 3504 3884 
3465 3484 3884 
3485 3884 3885 
3485 3865 3885 
3465 3864 3884 
3865 3884 4264 
3465 3845 3865 
3445 3464 3864 
3464 3465 3484 
3465 3484 3864 
3065 3445 3465 
3065 3464 3465 
3045 3064 3464 
2665 3045 3065 
2665 3064 3084 
3065 3084 3464 
3045 3444 3445 
3045 3444 3464 
3444 3445 3844 
3445 3464 3844 
3045 3046 3065 
3046 3065 3445 
3026 3046 3445 
3026 3045 3046 
3026 3045 3445 
3445 3446 3465 
3446 3465 3845 
3445 3446 3845 
3445 3844 3845 
3445 3844 3864 
3844 3845 4244 
3845 4244 4245 
4244 4245 4644 
4244 4264 4644 
4264 4644 4664 
4245 4265 4664 
3865 4245 4265 
3865 4264 4284 
3845 3865 4245 
4245 4644 4645 
4245 4645 4664 
4644 4664 5044 
4644 4645 5044 
4645 4664 5064 
4664 5044 5064 
4645 5044 5064 
3465 3466 3485 
3466 3485 3865 
3446 3465 3865 
3446 3846 3865 
3447 3466 3846 
3446 3447 3846 
3446 3447 3466 
3466 3865 3866 
3466 3846 3866 
3846 3865 4265 
3846 4245 4246 
3846 4245 4265 
4245 4246 4645 
4245 4265 4645 
4265 4645 4665 
3866 4246 4266 
3866 4265 4285 
3886 4266 4286 
3886 4285 4286 
3866 3867 3886 
3867 3886 4266 
3847 3866 4266 
3847 3866 3867 
3847 4247 4266 
3867 4247 4266 
3847 3848 3867 
3848 3867 4247 
3828 3848 4247 
3828 3847 3848 
3828 4227 4247 
3847 4227 4247 
3828 3847 4227 
4266 4285 4665 
4246 4266 4646 
4266 4646 4666 
4646 4666 5065 
4665 5045 5065 
4646 5045 5065 
4645 4665 5045 
4645 4646 5045 
4246 4645 4646 
4266 4665 4685 
3847 3866 4246 
3846 3847 4246 
3846 3847 3866 
3865 3866 3885 
3866 3885 4265 
3066 3465 3466 
3066 3446 3466 
3046 3446 3465 
3047 3066 3446 
3046 3047 3066 
3027 3046 3446 
3027 3047 3446 
3027 3046 3047 
3046 3065 3465 
3066 3085 3465 
3065 3465 3484 
3085 3465 3485 
3065 3084 3484 
3084 3103 3503 
3084 3483 3503 
3484 3503 3883 
3464 3483 3883 
3084 3464 3484 
2830 3229 3230 
3229 3230 3629 
3210 3230 3629 
3229 3609 3629 
3210 3610 3629 
3609 3629 4009 
3610 4009 4029 
3629 4009 4029 
3610 3630 4029 
3610 3629 3630 
3629 3630 4029 
3209 3229 3609 
3647 3667 4066 
3647 4046 4066 
3228 3248 3647 
3228 3247 3248 
3228 3627 3647 
3247 3627 3647 
3227 3228 3247 
3227 3247 3627 
3208 3228 3627 
3208 3607 3627 
3227 3607 3627 
3207 3227 3607 
2827 3207 3227 
2807 2827 3207 
2826 2846 3226 
2807 2827 3226 
2807 3206 3226 
2826 3206 3226 
2806 2826 3206 
2827 3226 3246 
2846 3226 3246 
2888 2908 3307 
2907 2927 3307 
2926 3306 3325 
3306 3326 3725 
3325 3705 3724 
3305 3705 3724 
3305 3325 3724 
2944 3344 3363 
2925 3305 3324 
2906 2926 3325 
2906 3306 3325 
3305 3325 3705 
2905 2925 3305 
4124 4144 4524 
4144 4524 4544 
4524 4544 4943 
4543 4923 4943 
4524 4923 4943 
4542 4562 4942 
4562 4942 4962 
4543 4942 4962 
4543 4563 4962 
4562 4582 4962 
4563 4962 4982 
4582 4962 4982 
3345 3745 3764 
3344 3345 3364 
3345 3365 3764 
2965 3345 3364 
2965 3364 3365 
4124 4125 4144 
4706 4725 5125 
4706 5106 5125 
4285 4665 4685 
4285 4684 4704 
4685 4704 5084 
4267 4286 4666 
4266 4267 4286 
4247 4266 4267 
4247 4266 4666 
5908 5927 6307 
5907 5908 5927 
5888 5907 6307 
5888 5908 6307 
5508 5907 5908 
5508 5888 5908 
5927 6326 6346 
6326 6327 6346 
6745 7144 7145 
6745 7125 7144 
5927 5928 5947 
5928 5947 6327 
5908 5927 5928 
5908 5927 6327 
5928 6308 6327 
5908 6308 6327 
5909 5928 6308 
5908 5909 5928 
6291 6690 6710 
6291 6310 6690 
5127 5507 5527 
5507 5526 5926 
5527 5546 5926 
5546 5565 5945 
5042 5441 5442 
5422 5442 5822 
5442 5822 5842 
5442 5841 5842 
4684 4703 5083 
4284 4683 4703 
5541 5921 5941 
6681 7080 7081 
6243 6262 6642 
6243 6642 6662 
6243 6262 6662 
6701 7081 7100 
6701 7100 7101 
6662 6682 7062 
6682 7062 7081 
7041 7061 7441 
7061 7441 7460 
7041 7441 7460 
7421 7440 7441 
7440 7441 7460 
6221 6241 6621 
6221 6621 6640 
6222 6241 6621 
6222 6621 6641 
6241 6242 6641 
6222 6242 6641 
5842 6241 6242 
5842 6222 6241 
5823 6222 6242 
5823 5843 6242 
5823 5842 5843 
5842 5843 6242 
4202 4222 4621 
4202 4601 4621 
3885 4285 4304 
3885 3904 4304 
3505 3885 3905 
7463 7843 7863 
7443 7463 7843 
7443 7463 7862 
7443 7842 7862 
7423 7443 7842 
7423 7822 7842 
6204 6603 6604 
5824 6223 6224 
6223 6224 6623 
6204 6224 6623 
6223 6603 6623 
6204 6603 6623 
6203 6223 6603 
5405 5804 5824 
5405 5425 5805 
5425 5805 5824 
5405 5424 5425 
5405 5424 5824 
5424 5425 5824 
5805 5806 6205 
5406 5805 5806 
5387 5406 5407 
5406 5407 5806 
4947 4948 4967 
4928 4947 4948 
4947 4966 4967 
4946 4947 4966 
5387 5388 5787 
4988 5387 5388 
4549 4948 4968 
4549 4568 4948 
4549 4569 4968 
4169 4568 4569 
4169 4549 4568 
4150 4549 4569 
4150 4170 4569 
4169 4189 4569 
4169 4170 4189 
4170 4569 4589 
4170 4190 4589 
4189 4209 4589 
3790 4170 4189 
3770 3790 4189 
3809 3829 4209 
3829 4209 4229 
3850 4230 4250 
3850 4249 4269 
4250 4269 4649 
4231 4250 4630 
3831 4211 4231 
3831 4230 4250 
4250 4630 4650 
4250 4649 4669 
3831 3850 4230 
3788 3808 4188 
3808 4188 4208 
3408 3788 3808 
3388 3408 3788 
3369 3388 3788 
3750 3770 4150 
3731 3751 4150 
2950 3349 3369 
3330 3349 3749 
2951 3350 3370 
3330 3729 3749 
3729 4128 4129 
4128 4129 4528 
4128 4148 4528 
4129 4528 4548 
4148 4528 4548 
3751 4150 4170 
3751 3771 4170 
3770 4150 4169 
3770 4169 4170 
3750 3770 4169 
3770 4169 4189 
3809 4208 4209 
4208 4209 4608 
4189 4209 4608 
4208 4588 4608 
4189 4588 4608 
4188 4208 4588 
4169 4189 4588 
4169 4568 4588 
4188 4568 4587 
4188 4587 4588 
4587 4588 4987 
4568 4587 4967 
4587 4967 4986 
4587 4986 4987 
4986 4987 5386 
4568 4569 4588 
4190 4589 4609 
4209 4608 4609 
4209 4589 4608 
4589 4608 5008 
4589 4609 5008 
4608 4609 5008 
4189 4588 4589 
4189 4569 4588 
4588 4589 4988 
4569 4949 4968 
4550 4570 4969 
4569 4570 4589 
4570 4969 4989 
4170 4550 4569 
4170 4569 4570 
4151 4550 4570 
4150 4151 4170 
4150 4170 4550 
4131 4150 4151 
4131 4151 4550 
4131 4530 4550 
4131 4150 4530 
4150 4530 4550 
4549 4550 4569 
4549 4569 4949 
4530 4550 4949 
4530 4549 4550 
4530 4929 4949 
4549 4929 4949 
4530 4549 4929 
4550 4950 4969 
4550 4930 4949 
4531 4930 4950 
4531 4550 4930 
4531 4550 4551 
4531 4551 4950 
4550 4551 4570 
4550 4570 4950 
4890 4909 5289 
4890 4909 4910 
4909 4910 4929 
5789 6188 6208 
5809 6189 6208 
5789 5809 6189 
5808 5809 6208 
5789 5808 5809 
5789 5808 6208 
7105 7125 7505 
7105 7106 7125 
7086 7105 7106 
7086 7106 7505 
7105 7485 7505 
7086 7485 7505 
7085 7105 7485 
7085 7086 7105 
7085 7086 7485 
7106 7107 7126 
7106 7126 7506 
7087 7107 7506 
7087 7106 7107 
7087 7486 7506 
7106 7486 7506 
7086 7106 7486 
7086 7087 7106 
7067 7087 7486 
7067 7086 7087 
7067 7466 7486 
7086 7466 7486 
7067 7086 7466 
4577 4976 4977 
4976 4977 5376 
4977 5376 5377 
5376 5377 5776 
5376 5756 5776 
5356 5376 5756 
4976 5356 5376 
4956 4976 5356 
5774 6173 6174 
5774 6154 6174 
6173 6174 6573 
6173 6572 6592 
6573 6592 6593 
6592 6593 6992 
6592 6991 7011 
6612 6992 7011 
6592 6612 6992 
6611 6612 7011 
6592 6611 6612 
6592 6611 7011 
6591 6592 6991 
6192 6591 6592 
6192 6572 6592 
6172 6192 6572 
6172 6191 6192 
6191 6192 6591 
6173 6193 6573 
6193 6573 6592 
6192 6193 6592 
6173 6192 6592 
6173 6192 6193 
6594 6974 6994 
6574 6594 6974 
6574 6593 6594 
6593 6594 6993 
6594 6993 7013 
6594 6614 6994 
6614 6994 7013 
6594 6614 7013 
7013 7014 7413 
6994 7013 7014 
7012 7031 7032 
7031 7032 7431 
7027 7426 7446 
7027 7047 7446 
7027 7047 7427 
7047 7427 7446 
6593 6992 7012 
6613 6993 7012 
6593 6613 6993 
6593 6612 7012 
6612 6613 7012 
6593 6612 6613 
6630 7010 7029 
6610 6630 7010 
6629 6630 7029 
6610 6629 6630 
6610 6629 7029 
5343 5362 5363 
5343 5344 5363 
4964 5344 5363 
4945 4964 5344 
4945 4964 5364 
4964 5364 5383 
5285 5304 5305 
5285 5305 5704 
5304 5323 5324 
5303 5304 5323 
5284 5303 5304 
5284 5304 5703 
5303 5322 5323 
5322 5323 5342 
5228 5627 5647 
5228 5248 5628 
5248 5628 5647 
5228 5248 5647 
5627 5647 6046 
5627 6026 6046 
5647 6046 6066 
5647 5667 6066 
5666 5667 6066 
5666 5667 5686 
5306 5686 5705 
4907 5287 5306 
4907 5306 5307 
4888 5287 5307 
4888 4907 5287 
4888 4907 4908 
4888 4908 5307 
4907 4908 5307 
5266 5665 5685 
5265 5285 5665 
5265 5266 5285 
5246 5265 5266 
5246 5266 5665 
5246 5265 5645 
5265 5645 5665 
5246 5645 5665 
5285 5665 5684 
4885 5265 5284 
4885 5284 5285 
5265 5285 5684 
5284 5285 5304 
5284 5304 5684 
5265 5664 5684 
5284 5664 5683 
5664 5684 6083 
5664 6063 6083 
5663 5664 5683 
5663 5683 6063 
5644 5664 6063 
5644 5663 5664 
5663 6043 6063 
5644 6043 6063 
5644 5663 6043 
5264 5284 5664 
4865 5265 5284 
4865 5245 5264 
4846 5245 5265 
4845 4865 5245 
4845 4846 5245 
4446 4845 4865 
4446 4845 4846 
4446 4466 4865 
4446 4466 4846 
4466 4846 4866 
4846 4866 5265 
5245 5265 5664 
5245 5644 5664 
5264 5644 5664 
5244 5245 5644 
5244 5245 5264 
5244 5264 5644 
4465 4466 4865 
4864 5264 5283 
5684 6064 6083 
6063 6064 6083 
6044 6063 6064 
5261 5281 5680 
5241 5261 5660 
5241 5621 5640 
4822 5202 5222 
4802 4822 5202 
4802 5202 5221 
5202 5221 5621 
5222 5602 5621 
5202 5602 5621 
5202 5222 5602 
4423 4442 4822 
4423 4822 4842 
4423 4443 4842 
4043 4423 4442 
4043 4423 4443 
3624 3644 4043 
3624 3643 4023 
3624 4023 4043 
3244 3624 3643 
3244 3643 3663 
3244 3263 3663 
3264 3283 3663 
3264 3644 3664 
3264 3663 3683 
3644 3645 4044 
3245 3644 3645 
3245 3644 3664 
3645 4044 4045 
4044 4045 4444 
3284 3664 3684 
3644 4043 4044 
4043 4044 4443 
3245 3264 3644 
3225 3245 3644 
3225 3244 3245 
3225 3624 3644 
3224 3244 3624 
3224 3225 3244 
3205 3225 3624 
3205 3224 3225 
3224 3604 3624 
3205 3604 3624 
3205 3224 3604 
2845 3244 3245 
2845 3244 3264 
4842 4843 5242 
4443 4842 4843 
4443 4444 4843 
4842 5222 5242 
5222 5621 5641 
5241 5621 5641 
5241 5261 5641 
5222 5622 5641 
5222 5242 5622 
5242 5622 5641 
4822 4842 5222 
4422 4442 4822 
5221 5620 5621 
5241 5640 5641 
5241 5641 5660 
4882 5281 5301 
4882 4902 5301 
4882 4901 4902 
4901 4902 4921 
4902 5301 5321 
4902 4922 5321 
4902 4921 4922 
4921 4922 4941 
4922 5321 5341 
4941 4942 4961 
4922 4941 4942 
4922 4942 5341 
4942 4962 5361 
4942 4961 4962 
4961 4962 4981 
4962 5342 5361 
5301 5302 5321 
5282 5301 5302 
5281 5282 5301 
5321 5322 5341 
5423 5443 5823 
5443 5823 5842 
5442 5443 5842 
5423 5442 5443 
5423 5442 5842 
4984 5003 5004 
5003 5004 5403 
3678 4077 4097 
3678 3698 4097 
4190 4210 4590 
4191 4590 4610 
4210 4590 4609 
4590 4989 5009 
4590 4609 4989 
4609 4989 5008 
4609 5008 5009 
5008 5009 5408 
4989 5008 5408 
5009 5389 5408 
4989 5389 5408 
4989 5009 5389 
4590 4990 5009 
4590 4610 4990 
4610 4990 5010 
4610 5009 5010 
5009 5010 5409 
4990 5009 5409 
4990 5390 5409 
5010 5390 5409 
4990 5010 5390 
4171 4191 4571 
4171 4571 4590 
4191 4571 4591 
4191 4590 4591 
4590 4591 4990 
4571 4590 4990 
4571 4591 4971 
4591 4971 4990 
4571 4971 4990 
2513 2533 2932 
2892 3272 3291 
3272 3292 3691 
3291 3671 3691 
3272 3671 3691 
3271 3291 3671 
3271 3272 3291 
3252 3271 3272 
3252 3272 3671 
3252 3651 3671 
3252 3271 3651 
3271 3651 3671 
3768 4168 4187 
3768 3787 4187 
3787 3788 4187 
3388 3768 3788 
3388 3787 3788 
3788 4187 4188 
4187 4188 4587 
4168 4188 4587 
4187 4567 4587 
4168 4187 4567 
4168 4567 4587 
4168 4548 4567 
4168 4567 4568 
4567 4568 4967 
4548 4568 4967 
4567 4947 4967 
4548 4947 4967 
4548 4567 4947 
3768 4167 4168 
4167 4168 4567 
4148 4168 4567 
4148 4547 4567 
4167 4547 4567 
4148 4167 4547 
4630 5029 5030 
5029 5030 5429 
5029 5049 5429 
5030 5429 5449 
5049 5429 5449 
5030 5050 5449 
4650 5049 5069 
5049 5448 5449 
5448 5449 5848 
5448 5468 5848 
5468 5848 5868 
5087 5467 5487 
5087 5486 5506 
5466 5467 5866 
5466 5486 5866 
4687 5086 5087 
4687 5067 5087 
4706 5086 5106 
4706 5105 5106 
4287 4686 4687 
4287 4667 4687 
4249 4268 4648 
4248 4249 4268 
4229 4248 4249 
4229 4249 4648 
4248 4628 4648 
4229 4628 4648 
4228 4229 4248 
4228 4248 4628 
4209 4228 4229 
4209 4229 4628 
4209 4608 4628 
4228 4608 4628 
4209 4228 4608 
4248 4647 4648 
4248 4647 4667 
4648 4667 5047 
4647 4648 5047 
5488 5507 5887 
5487 5488 5507 
5088 5487 5488 
5088 5468 5488 
2627 2647 3027 
2627 3007 3027 
2573 2592 2972 
2593 2612 2992 
2573 2592 2992 
2574 2593 2973 
2554 2573 2973 
2593 2992 2993 
2593 2973 2993 
2973 2992 3392 
2992 2993 3012 
2993 3012 3392 
2573 2972 2992 
2573 2953 2973 
2554 2573 2953 
3333 3334 3733 
3333 3733 3752 
3333 3353 3752 
3353 3733 3752 
3334 3733 3753 
3334 3353 3753 
3353 3733 3753 
2551 2570 2950 
2492 2892 2911 
3290 3670 3690 
3271 3670 3690 
3270 3290 3670 
3270 3271 3290 
3251 3270 3271 
3251 3271 3670 
3270 3650 3670 
3251 3270 3650 
3251 3650 3670 
2891 2911 3310 
2604 2624 3023 
3003 3402 3422 
3003 3022 3402 
2662 3042 3062 
2665 2684 3064 
2645 2664 3044 
2624 3004 3024 
2605 3004 3024 
3424 3443 3843 
3424 3823 3843 
3424 3443 3823 
3025 3044 3045 
3025 3045 3444 
3025 3424 3444 
3044 3424 3444 
3024 3044 3424 
3024 3025 3044 
3005 3025 3424 
3005 3024 3025 
3024 3404 3424 
3005 3404 3424 
3005 3024 3404 
3082 3462 3482 
2570 2950 2970 
3448 3468 3867 
3448 3467 3867 
3468 3487 3867 
4270 4669 4670 
4270 4650 4670 
4232 4251 4651 
4271 4670 4671 
4271 4651 4671 
4651 4670 5070 
4670 4671 4690 
4671 4690 5070 
4251 4631 4651 
4651 4652 4671 
4652 4671 5051 
4252 4651 4652 
4252 4632 4652 
5051 5450 5470 
5431 5451 5850 
5431 5830 5850 
5450 5830 5850 
5430 5431 5830 
5430 5450 5830 
5031 5430 5431 
4235 4254 4634 
4215 4234 4634 
4215 4234 4235 
4215 4235 4634 
4635 4654 5034 
4634 4635 4654 
4615 4634 5034 
4615 4634 4635 
4615 5015 5034 
4635 5015 5034 
4615 4616 4635 
4616 4635 5015 
4596 4616 5015 
4596 4615 4616 
4596 4995 5015 
4596 4615 4995 
4615 4995 5015 
4614 4615 5014 
4615 4634 5014 
4614 4615 4634 
4614 4633 5033 
4614 4633 4634 
4633 4634 4653 
4634 4653 5033 
4612 4613 5012 
4612 4632 5012 
4213 4612 4613 
4213 4612 4632 
4214 4233 4613 
4213 4214 4613 
4213 4214 4233 
3812 3813 3832 
3813 3832 4212 
3793 3813 4212 
3793 3812 3813 
3812 4192 4212 
3793 4192 4212 
3793 3812 4192 
4192 4591 4611 
4192 4211 4591 
4192 4211 4611 
4689 5089 5108 
4155 4535 4554 
4155 4554 4555 
4155 4535 4555 
2474 2494 2874 
2096 2116 2515 
2804 2824 3204 
2824 3204 3224 
2805 3204 3224 
2823 3222 3223 
2823 3222 3242 
3223 3242 3622 
3203 3223 3622 
3203 3222 3223 
3203 3602 3622 
3203 3222 3602 
2843 3223 3243 
2843 3242 3262 
3243 3262 3642 
3223 3242 3642 
3224 3623 3643 
3224 3243 3244 
3224 3244 3643 
3244 3263 3643 
2844 3243 3263 
2844 3243 3244 
3223 3224 3243 
3204 3223 3224 
3204 3224 3623 
3223 3603 3623 
3204 3603 3623 
3204 3223 3603 
3622 3623 4022 
3223 3622 3623 
3223 3622 3642 
3623 4022 4023 
3623 3643 4023 
2844 2863 3263 
2844 2863 3243 
2824 2844 3243 
2824 2843 3243 
3283 3663 3683 
3266 3646 3666 
3307 3707 3726 
3307 3687 3706 
3345 3346 3365 
3345 3365 3745 
3346 3365 3366 
3346 3366 3765 
3404 3803 3823 
3404 3424 3804 
3404 3424 3823 
3424 3804 3824 
3424 3823 3824 
4622 5002 5021 
4642 5022 5041 
4622 4642 5022 
5442 5462 5842 
5442 5842 5861 
5462 5842 5861 
5023 5042 5043 
5023 5042 5442 
5023 5043 5423 
5023 5423 5442 
5043 5423 5442 
3805 4185 4205 
3805 4204 4205 
4185 4205 4604 
4204 4205 4604 
4603 4623 5003 
4603 4604 4623 
4623 5003 5023 
4604 5003 5023 
4623 4624 5023 
4604 4623 4624 
4604 4624 5004 
4624 5004 5023 
4604 5004 5023 
4182 4582 4601 
4202 4601 4602 
4202 4582 4601 
5625 6024 6044 
5625 6005 6025 
5605 5625 6024 
5605 5625 6005 
5605 6004 6024 
5625 5645 6044 
5625 5645 6025 
5645 6025 6044 
5664 5665 5684 
5664 5684 6064 
5645 5664 5665 
5645 5665 6064 
5645 5664 6044 
5664 6044 6064 
5645 6044 6064 
3269 3649 3669 
3250 3269 3649 
3250 3649 3669 
3289 3669 3688 
3669 3689 4088 
3669 4068 4088 
3688 4068 4088 
3668 3669 3688 
3668 3688 4068 
3649 3669 4068 
3649 3668 3669 
3649 4048 4068 
3649 3668 4048 
3668 4048 4068 
4126 4127 4146 
3727 4107 4127 
4107 4126 4127 
3747 4127 4146 
2968 3367 3368 
2968 3348 3368 
3348 3367 3767 
3367 3368 3387 
3367 3387 3767 
3368 3387 3767 
2948 2967 3367 
2968 2987 3367 
2967 2987 3367 
3367 3766 3767 
3367 3747 3767 
3747 3766 4166 
3766 3767 4166 
3747 3767 4166 
3366 3367 3386 
3366 3386 3766 
3367 3386 3766 
4147 4148 4547 
4128 4148 4547 
4147 4527 4547 
4128 4527 4547 
4127 4128 4527 
4127 4147 4527 
3728 4127 4128 
3330 3349 3729 
3728 4108 4128 
3709 4108 4109 
4108 4109 4128 
2944 2964 3363 
2847 2866 3266 
4523 4903 4923 
4504 4903 4923 
4503 4523 4903 
4484 4504 4903 
4502 4882 4901 
6596 6616 7015 
6616 6996 7015 
6596 6616 6996 
5948 6328 6348 
6250 6649 6669 
6269 6649 6669 
6249 6250 6649 
6249 6269 6649 
5850 6249 6250 
5850 6250 6269 
5909 6308 6309 
5909 6289 6309 
6289 6309 6708 
6308 6309 6708 
6289 6688 6708 
6308 6688 6708 
6289 6308 6688 
5509 5528 5928 
5509 5529 5928 
6174 6573 6593 
6174 6194 6574 
6194 6574 6593 
6174 6193 6194 
6174 6193 6593 
6193 6194 6593 
5207 5606 5626 
5207 5227 5607 
5207 5227 5626 
5227 5607 5626 
5604 6003 6023 
5624 6004 6023 
5604 5624 6004 
5604 5624 6023 
6022 6023 6422 
6003 6022 6023 
5603 6002 6022 
5623 6003 6022 
5603 5623 6003 
5603 5623 6022 
5643 6042 6062 
5662 6042 6062 
5642 5643 6042 
5642 5662 6042 
5642 5643 5662 
4863 4883 5263 
2517 2897 2917 
2498 2897 2917 
2498 2518 2917 
2517 2537 2917 
2518 2537 2917 
2850 3230 3249 
2850 3249 3250 
3249 3250 3649 
3230 3250 3649 
3249 3629 3649 
3230 3249 3629 
3230 3629 3649 
2972 3371 3391 
2995 3394 3395 
2995 3375 3395 
3394 3395 3794 
3375 3395 3794 
3375 3394 3774 
3375 3774 3794 
3394 3793 3794 
3394 3774 3793 
3774 3794 4193 
3793 3794 4193 
3793 4173 4193 
3774 3793 4173 
3774 4173 4193 
