4201 4181 4600 
4566 4186 4586 
5856 6255 5836 
5286 5705 5306 
3724 3344 3324 
4466 4467 4067 
4928 4509 4908 
5092 5492 5491 
5511 5910 5491 
6364 6764 6365 
5107 5108 5507 
5127 5107 5507 
5865 5465 5485 
5908 5888 6288 
4551 4132 4152 
4067 4087 3687 
2970 2950 2551 
4492 4092 4511 
3643 3644 4043 
3503 3902 3903 
4964 5344 5364 
3645 4045 3646 
3245 2846 3246 
3623 3643 4023 
5620 5621 5221 
3262 3661 3261 
2947 3366 2967 
5685 5286 5686 
4648 4249 4649 
6021 6041 5641 
5302 5282 4902 
3602 3622 4021 
4927 4947 4528 
4443 4842 4843 
5684 5685 5285 
5463 5863 5862 
4512 4931 4532 
4612 4611 4212 
2968 2569 2549 
4088 4108 4488 
4923 4903 5303 
4164 3764 3784 
7525 7126 7125 
5943 5963 5544 
5884 6284 5885 
7521 7121 7501 
5866 5867 5467 
5943 5563 5963 
6764 7163 6763 
7066 7086 6667 
4705 4306 4305 
5464 5064 5065 
6328 6348 6728 
4281 4301 4681 
5101 5121 4721 
5542 5562 5942 
3866 3886 3486 
4647 4248 4667 
4248 3849 4268 
4551 4950 4970 
5849 5850 5450 
4255 4654 4235 
3850 4250 3870 
3433 3832 3833 
5511 5491 5891 
3453 3433 3833 
5033 5013 5413 
4635 4255 4655 
5834 5835 5435 
6255 5836 6235 
5035 4635 5015 
4554 4154 4534 
4510 4890 4910 
5246 4847 5266 
3774 4173 4193 
3264 2864 3244 
2884 2864 3264 
2884 3283 2864 
3221 3620 3201 
3220 3221 3620 
3264 3244 2845 
3261 2842 2862 
3264 2845 2865 
3723 3703 3304 
3723 3703 3323 
2844 3244 3243 
3263 2844 3243 
2864 3244 2844 
2549 2948 2529 
2549 2929 2529 
2666 3066 3065 
3724 3744 3344 
2665 3065 2685 
3302 3701 3702 
5005 4605 4606 
3344 3763 3743 
3285 3284 2885 
4184 3765 4164 
4184 3784 4164 
2949 2530 2550 
2927 2947 3327 
2968 3387 3367 
3387 3767 3367 
3247 2847 2867 
3266 2847 2867 
3244 2845 3245 
3267 3647 3667 
4491 4891 4511 
4491 4891 4492 
2866 3285 3265 
2885 3285 3265 
3247 3647 3267 
2866 2886 3285 
4044 4045 3645 
2864 3263 2844 
4045 4445 4046 
3645 3644 3245 
2964 3363 3364 
3285 3286 3685 
4467 4487 4068 
4467 4087 4487 
3686 3286 3685 
3724 3704 3324 
4021 3622 4022 
4045 4444 4445 
3267 3667 3287 
3246 3646 3247 
3766 3746 4146 
4567 4967 4947 
4888 5268 5288 
2846 2866 3265 
3704 3684 3304 
6065 6085 5666 
6065 5685 6085 
3645 3646 3246 
4104 4484 4504 
3245 3246 3645 
2867 3267 3247 
4908 4888 5307 
4547 4567 4947 
4547 4567 4966 
5243 5242 4843 
3304 3684 3284 
3703 3304 3284 
2962 3381 2982 
3245 2865 3265 
3245 2846 3265 
2845 2865 3245 
4965 4566 4546 
5242 4842 5222 
3246 2866 3266 
5621 6020 5620 
4491 4111 4510 
4091 4491 4510 
2886 2866 3266 
2846 2866 3246 
4164 4144 3764 
4164 3745 4144 
4445 4046 4465 
3646 3647 3247 
2867 3266 3286 
2886 3266 3286 
3667 3687 3287 
2887 3286 3287 
5288 5287 5687 
4491 4511 4111 
3687 3686 3287 
3686 3286 3287 
2867 3267 2887 
3246 2847 3266 
3246 3247 2847 
4465 4046 4066 
5041 4641 5021 
5246 4846 4847 
2928 3347 3327 
2928 3328 3327 
2591 2991 2971 
4465 4066 4466 
4086 3686 3687 
2867 2887 3286 
3366 2947 3346 
2950 2551 2531 
3707 4106 4107 
4509 4908 4508 
4528 4908 4508 
2991 2592 3011 
2611 2991 3011 
3709 3708 4108 
2571 2551 2951 
2571 2970 2551 
4511 4531 4911 
4088 4468 4488 
3346 3746 3726 
4109 4508 4509 
4066 3667 3647 
3325 3345 2926 
3326 3325 2926 
3347 2947 3327 
2591 2990 2571 
2591 2971 2571 
2929 2928 3328 
3711 3331 3731 
2949 2550 2969 
3309 2909 3308 
3328 2909 3308 
2909 3328 2929 
2887 3267 3287 
2928 2929 2529 
2910 3309 3310 
2930 2530 2910 
2948 2928 2529 
3766 3366 3367 
3045 2646 3046 
2926 3345 2946 
3849 4249 3869 
3766 3746 3366 
4249 3850 3830 
3712 4112 3713 
3367 3767 3766 
2968 2988 3387 
2968 3368 2988 
2948 2968 2549 
2666 3066 3046 
3711 4110 4111 
4969 4569 4949 
2571 2990 2970 
3368 2969 3388 
4569 4189 4589 
3829 4229 3830 
2928 3347 2948 
2549 2949 2929 
3389 3388 2989 
3368 2969 2968 
4206 4205 3806 
4206 4186 3806 
2969 2968 2569 
2988 3368 3388 
4167 4566 4166 
4546 4946 4945 
4965 4546 4945 
3388 2969 2989 
2948 3367 2968 
4168 4188 4587 
4187 4188 4587 
3389 3388 3788 
3367 3347 2967 
3367 2948 3347 
2943 3362 3342 
2943 3343 3342 
2988 3388 3387 
3347 2947 2967 
3388 3787 3387 
4547 4946 4527 
3761 3741 3342 
3384 3784 3385 
4080 3681 3661 
3344 3743 3324 
3285 2886 3286 
4168 4188 4568 
4605 4206 4205 
2967 3366 3367 
3845 4244 3844 
3384 3764 3784 
4146 4166 4565 
3401 3421 3002 
2984 3383 2964 
2984 3364 2964 
2947 3346 2927 
3404 3403 3803 
3763 3363 3743 
4568 4967 4548 
4568 4967 4567 
3746 3346 3366 
3326 3327 3726 
3346 3745 3345 
3346 3326 3745 
3326 2946 3346 
3326 2927 3346 
4708 5107 5108 
2865 2885 3265 
3284 3264 2865 
3284 3264 2884 
3326 2927 3327 
3785 3765 4184 
4165 3785 3765 
4088 4068 4468 
2926 3326 2946 
4964 4565 4984 
3684 3284 3285 
3345 3346 2946 
3346 3726 3326 
4265 4245 4664 
4645 4265 4245 
3325 3326 3725 
3723 3743 3324 
3723 3343 3743 
3802 3402 3422 
2885 3284 2865 
3325 3345 3725 
3725 3326 3745 
3725 3345 3745 
3785 3784 3385 
3643 4043 4023 
3242 2842 2862 
2643 3043 2663 
3362 2982 2962 
4600 4181 4580 
3261 3260 3660 
2962 3381 3361 
3722 3702 3303 
3483 3503 3084 
3361 3362 2962 
3422 3022 3023 
3682 3681 4081 
3742 3343 3323 
3742 3342 3343 
4985 4965 4566 
2683 2663 3082 
2683 2663 3063 
3364 3384 3764 
4984 4964 5383 
2985 3404 3384 
2985 3385 3384 
2984 3384 3364 
3343 3743 3363 
3744 3364 3764 
3084 3104 3484 
3084 3085 3484 
2943 3343 2963 
3344 3364 3763 
3344 3744 3364 
3723 3323 3343 
3364 3763 3363 
3403 3802 3402 
4242 3843 4243 
3403 3423 3803 
3363 3383 2964 
3363 3383 2983 
2963 3363 2983 
3343 3363 2963 
3062 3042 2662 
2943 2963 3362 
3761 4160 4180 
3422 3402 3022 
3362 3382 2982 
3362 3382 2963 
4687 4707 5087 
3801 3800 3401 
3441 3821 3421 
3283 3263 2864 
4560 4580 4161 
3002 3401 2982 
3721 3741 4121 
3402 3382 2983 
3002 3402 3382 
3443 3044 3043 
3023 2623 2643 
3042 2623 2643 
3741 3342 3322 
3721 3741 3322 
3644 3244 3245 
3742 3342 3722 
4101 4501 4481 
4881 4481 4880 
3722 3742 3323 
3322 3342 3722 
5620 5221 5201 
3303 3323 3722 
4801 4421 4821 
3683 3303 3703 
3262 3261 2862 
4881 5280 5281 
2841 3221 3241 
5681 6081 5682 
5002 5022 4622 
5002 5022 4603 
4086 4486 4106 
4086 4505 4106 
4081 4080 3681 
4501 4901 4881 
4060 3660 3661 
3262 3263 3662 
3282 3262 3662 
5222 5621 5622 
3602 3622 3222 
3221 3220 2821 
3240 3220 2821 
3681 3682 3282 
3662 3682 3282 
3661 3261 3660 
3260 2861 3261 
2841 3240 2821 
3222 2842 2822 
3303 3323 3703 
3262 2843 2863 
4921 4521 4541 
3243 3623 3643 
3283 3682 3263 
4466 4067 4066 
3684 3285 3685 
4901 4881 5281 
3682 3662 3263 
5282 4882 5281 
3704 3304 3324 
3723 3304 3324 
3643 3244 3644 
3284 3283 2884 
3643 3243 3244 
3302 3701 3721 
3322 3302 3721 
3602 3202 3222 
5222 4842 4822 
2841 3260 3240 
3222 2823 3223 
3242 3222 2823 
2841 3221 2821 
3242 2843 2823 
3262 3242 2843 
3262 3242 2862 
3222 3202 2822 
3201 2802 3221 
4468 4467 4867 
2843 3223 3243 
4422 4023 4022 
3622 3222 3223 
3623 3223 3243 
3600 3620 3201 
2843 2863 3243 
3243 2863 3263 
3262 2863 3263 
2802 2822 3221 
2843 3223 2823 
3202 2822 2802 
3622 3223 3623 
3242 2842 3222 
3241 3221 2822 
3241 2842 2822 
2861 3241 2841 
2841 2861 3260 
3241 2861 3261 
2842 3261 3241 
4022 3623 4023 
4021 4401 4421 
3681 3661 3262 
3602 4001 4021 
4401 4001 4021 
4421 4821 4422 
5642 5622 6041 
5221 5222 5621 
4421 4801 4401 
4447 4467 4866 
4466 4467 4866 
4822 5221 5222 
4086 4485 4505 
5600 5620 5201 
6042 6461 6441 
6061 6461 6441 
4962 4942 5342 
4084 3704 3684 
3685 4084 3684 
6061 5681 5661 
6082 6062 5663 
5682 6082 6062 
3683 3283 3284 
3303 3683 3283 
4521 4901 4501 
4880 5280 4881 
6042 6062 5643 
6041 6042 6441 
6061 6041 5661 
5684 5664 6083 
5684 5683 6083 
5281 4901 5301 
5680 5280 5281 
3702 3682 3283 
5243 5244 5643 
3681 3282 3262 
4923 5323 4943 
4923 5342 4943 
5242 5622 5642 
4481 4081 4480 
3303 3702 3283 
4481 4880 4480 
4540 4141 4560 
5282 5681 5682 
4101 3701 3702 
3721 4101 3701 
4501 4481 4881 
3284 3703 3683 
5282 5682 5302 
5304 5284 5684 
5304 5703 5284 
4044 3644 3645 
4085 4484 4504 
5222 5622 5242 
4043 4442 4023 
5325 5305 4925 
5281 5282 5681 
4087 4487 4107 
4486 4086 4087 
5665 5666 5266 
4942 5342 5322 
4882 5301 5281 
4504 4524 4124 
4943 4963 5362 
5303 4904 5304 
5323 5303 4904 
4043 4443 4044 
4843 4443 4444 
5643 5243 5642 
4843 4844 4444 
4944 5324 4924 
6061 6081 5681 
6061 6081 5662 
4443 4044 4444 
5304 5303 5703 
4888 5287 5288 
5644 6044 5664 
5644 6063 5664 
5244 4845 5245 
5642 6042 6041 
5642 6042 5643 
6082 5663 5683 
5682 6082 5683 
4046 3646 3647 
4842 5242 4843 
5243 5242 5642 
5243 5244 4844 
4443 4442 4842 
4043 3644 4044 
4801 4821 5201 
4843 4844 5243 
4444 4045 4044 
4846 4845 4446 
4445 4465 4845 
6043 5644 5643 
5644 5244 5643 
5643 5663 6043 
4821 5221 5201 
4821 4822 5221 
4422 4822 4821 
4908 4508 4888 
4442 4422 4023 
4442 4842 4822 
4422 4442 4822 
4043 4443 4442 
4022 4421 4422 
4021 4421 4022 
3622 3623 4022 
4465 4865 4466 
3667 4067 3687 
3646 4045 4046 
4844 5244 4845 
4487 4088 4507 
4107 4487 4507 
5267 4868 5268 
4487 4068 4088 
4084 3685 4085 
4948 4928 4548 
4948 4529 4928 
4445 4444 4844 
5267 4868 4867 
4446 4466 4865 
4446 4846 4466 
4485 4505 4105 
4548 4928 4528 
4947 4548 4528 
4507 4088 4108 
4107 4507 4108 
4846 4466 4866 
4846 4447 4866 
4107 4108 3708 
4107 4127 3708 
5268 4868 4888 
5686 5666 6085 
3724 4124 4104 
4085 4084 4484 
4124 3725 4125 
4124 3725 4144 
3685 3686 4085 
4066 3647 4046 
3686 4085 4086 
5665 5645 5246 
4066 4067 3667 
4467 4067 4087 
3708 3709 3309 
5268 5687 5288 
4107 3727 4127 
5267 5666 5266 
4531 4132 4551 
4467 4468 4068 
4868 4468 4488 
4111 4112 4511 
4467 4447 4847 
5666 5686 5267 
4845 4865 4446 
4845 4465 4865 
5667 5268 5687 
5287 5667 5687 
5266 4847 4867 
4445 4844 4845 
5686 5287 5267 
4846 4447 4847 
5645 5245 5246 
4908 4907 5307 
4188 3789 4189 
2950 2550 2570 
5245 5645 5644 
4867 4468 4868 
5267 5268 5667 
5287 5267 5667 
4867 4467 4847 
5286 5686 5306 
5267 5266 4867 
5246 5665 5266 
5644 5244 5245 
5245 4846 5246 
4846 5245 4845 
5686 6085 5685 
5644 6063 6043 
5665 5666 6065 
5665 5685 6065 
5703 5683 5303 
7542 7143 7142 
4947 4927 4547 
4946 5345 4926 
4945 4946 5345 
5043 4643 4663 
6041 5641 5661 
6060 5641 5661 
6061 6041 6441 
5681 5661 6080 
6461 6062 6042 
6060 6080 5661 
5641 6060 6040 
5621 6021 5641 
5622 5621 6021 
6041 5622 6021 
5684 5664 6064 
5684 6084 6064 
5683 6063 6083 
5664 6063 6083 
6044 5644 5645 
5664 6064 6044 
6064 6044 5645 
6064 5645 5665 
6080 5681 5680 
5683 5663 6063 
6084 5685 5684 
5665 6084 5685 
6064 6084 5665 
4943 5343 4963 
6063 6043 5663 
5643 6062 5663 
6062 5662 5682 
6081 5662 5682 
6061 6062 5662 
5621 6040 5641 
5621 6040 6020 
6062 6061 6461 
6662 6282 6682 
4582 4602 4982 
5001 4582 4602 
4125 3726 4126 
4125 3726 4145 
5703 5683 5284 
4963 5343 5363 
5304 4905 5324 
5304 5305 4905 
4962 5362 4982 
5684 5683 5284 
4525 4106 4126 
5023 4623 4624 
5043 4663 5063 
4921 5301 4901 
5325 4926 4906 
4505 4106 4525 
4125 4505 4525 
5702 5283 5303 
5302 5702 5303 
4601 4621 4221 
6640 6240 6241 
4561 4941 4541 
4104 4084 3704 
5685 5705 5305 
4161 4580 4181 
3823 4242 3843 
5021 4621 4641 
5064 5063 5463 
6708 6688 6308 
4504 4105 4085 
4485 4105 4085 
3709 4108 4109 
7469 7489 7089 
7070 7469 7489 
5484 5864 5884 
5465 5864 5884 
7088 6689 6669 
7069 6689 6669 
6328 6708 6728 
6653 7053 7072 
6653 7052 7053 
7073 7072 7472 
4590 4610 4191 
3787 4167 3767 
5307 5706 5306 
5307 5287 5706 
5706 5686 5306 
3871 4271 4251 
4270 3871 4271 
4132 4112 4531 
4512 4112 4531 
4512 4132 4531 
4512 4132 4112 
4925 5305 4905 
4125 4126 4525 
5287 5686 5706 
4927 5326 4926 
4927 4907 5326 
6261 6661 6262 
4969 4570 4569 
5066 5446 5466 
5047 5446 5466 
4907 4908 4508 
4565 4964 4965 
4945 4565 4964 
3727 4127 3728 
4587 4187 4567 
4168 4587 4567 
4927 4926 4527 
4963 5362 5382 
4907 5307 5306 
5306 4906 4926 
4508 4907 4927 
5287 4888 5307 
5449 5030 5429 
4527 4946 4926 
5685 5705 5286 
4968 4948 4568 
5325 5345 4926 
4561 4181 4581 
4603 4623 5003 
4603 4623 5022 
5305 4906 5325 
4925 4945 5344 
4925 4945 5325 
5326 5306 4926 
4964 4944 5363 
4964 4944 5344 
4981 4581 4961 
4945 4944 4964 
4868 4888 4488 
4949 4530 4550 
5306 5326 4907 
3727 3328 3327 
5527 5127 5507 
5527 5526 5127 
4113 4532 4512 
4568 4548 4948 
4646 4666 5065 
5506 5526 5126 
5107 5506 5526 
5447 5448 5847 
4532 4132 4531 
3767 3787 3387 
4565 4166 4585 
4967 4947 4548 
4531 4950 4551 
4568 4569 4968 
4187 4567 4167 
4188 4187 3788 
3766 4166 4146 
4547 4927 4527 
5010 5030 4611 
4171 4151 4551 
4187 4167 3787 
4569 4189 4169 
4510 4110 4111 
2550 2570 2969 
4529 4928 4509 
4529 4909 4509 
3065 3045 2665 
4086 3687 4087 
4567 4566 4966 
5490 5510 5110 
4589 4190 4170 
5830 5431 5430 
4588 4188 4189 
4588 4169 4189 
4588 4568 4169 
4588 4568 4188 
3728 4127 3708 
4531 4930 4950 
4167 4567 4566 
4911 4931 4512 
4528 4508 4927 
4911 4531 4931 
3328 3728 3727 
3308 3708 3309 
4928 4528 4908 
4087 4107 4506 
4106 4107 4506 
4108 4488 4508 
3708 3328 3728 
4966 4946 4547 
4566 4966 4946 
4106 4126 3707 
3708 3308 3328 
4165 4145 3765 
4106 4486 4506 
4486 4506 4087 
4488 4888 4508 
4508 4108 4109 
4546 4566 4946 
4664 4665 5064 
4545 4146 4565 
4565 4585 4965 
3726 4126 3727 
4985 4566 4586 
3726 3327 3727 
4585 4985 4965 
4145 3746 3726 
3707 4126 3727 
3707 3727 4107 
4145 4146 4545 
5323 4904 4924 
4145 3746 4146 
4205 4604 4204 
4504 4104 4124 
3745 3765 4145 
3725 3745 4125 
4565 4545 4945 
4086 4085 4485 
4184 3785 3784 
4105 4505 4125 
4144 3744 3764 
4125 3745 4145 
4545 4145 4165 
3405 3805 3785 
4168 4568 4567 
4944 5324 5344 
4545 4165 4565 
4623 5023 5003 
4224 4223 4623 
4166 4186 4566 
4166 4186 4585 
3487 3467 3867 
4166 4167 3767 
3767 4166 3766 
4545 4964 4565 
4165 3785 4185 
3745 4164 3765 
4944 5343 5363 
5324 4905 4925 
3725 3745 4144 
4105 4125 4524 
4124 4125 4524 
3724 3744 4124 
4161 4541 4561 
5302 4903 5303 
4984 4565 4585 
5704 5305 5285 
5685 5305 5285 
4565 4165 4185 
4624 4604 5023 
3404 3424 3804 
3823 3404 3424 
4584 4984 4983 
4243 4642 4643 
4585 4565 4185 
4945 5344 5364 
4984 4585 5004 
5344 5324 4925 
4945 4965 5364 
4084 4484 4104 
5304 4904 4924 
5364 4965 4964 
5305 4906 5306 
5442 5042 5043 
4983 5363 5383 
4983 4963 5382 
4983 4963 5363 
5303 5683 5283 
4964 5363 5383 
4964 4545 4944 
4945 4545 4944 
5704 5304 5305 
4521 4121 4141 
4903 5322 5302 
4923 5323 5303 
4902 4922 5302 
4902 4922 5321 
5305 5705 5306 
6283 5883 5884 
5342 4943 5362 
4962 5342 5362 
4882 4902 5282 
4882 4902 5301 
4581 4561 4961 
4480 4080 4081 
5702 5682 5283 
5302 5702 5682 
5283 5682 5683 
4922 5322 5302 
5704 5304 5684 
5285 5684 5704 
4104 3704 3724 
5325 4945 5345 
4124 3744 4144 
4941 5321 4921 
5343 4943 5323 
4924 5343 5323 
4504 4105 4524 
4924 5304 5324 
4944 5343 4924 
4080 4060 3661 
3682 4101 3702 
3682 4081 4101 
3721 4121 4101 
3322 3702 3722 
3322 3302 3702 
3741 4160 3761 
4521 4501 4121 
4121 4501 4101 
3761 3381 3361 
5680 5681 5281 
4942 5341 4922 
5361 5381 4981 
5341 5321 4922 
4941 5341 5321 
4481 4101 4081 
4942 5322 4922 
4941 4921 4541 
5321 5301 4902 
5321 5301 4921 
4521 4901 4921 
4923 5322 4903 
4923 5322 5342 
3761 3362 3342 
3761 3361 3362 
4962 5361 5381 
4541 4521 4141 
4942 5361 4962 
4161 4561 4181 
4941 4961 4561 
4181 4581 4201 
4200 4201 4600 
4244 4663 4264 
4644 4244 4264 
4584 4983 5003 
4602 5021 4622 
4581 4601 4981 
4942 5341 5361 
3761 4180 3781 
4541 4161 4141 
4141 4161 4560 
4941 5341 4961 
3780 4180 3781 
4961 5341 5361 
4961 4981 5361 
5381 4982 4962 
4981 4982 5381 
5362 5382 4982 
4582 4982 4981 
4642 5041 4622 
3741 4140 4141 
4121 3741 4141 
4140 3741 4160 
4540 4141 4140 
3781 3761 3381 
3781 3780 3381 
4242 4243 4642 
4661 4641 5041 
4243 4643 4244 
5001 5021 4621 
4602 5001 5021 
6661 6641 6261 
5402 5002 5382 
4602 5002 4622 
4622 4623 4223 
5041 5441 5042 
5464 5463 5863 
2682 3082 3062 
3081 2682 3082 
4640 4660 4241 
4642 5041 5042 
5061 4661 5041 
5061 5060 4661 
4706 5105 5125 
5003 4603 5002 
4681 4301 4701 
5041 4622 5021 
4201 4221 4601 
4581 4601 4201 
4621 4221 4241 
4621 4601 5001 
4981 4601 5001 
4981 4582 5001 
6682 6283 6683 
5382 5402 4983 
6282 5883 6283 
4643 4663 4244 
5861 5862 6261 
5442 5841 5861 
4305 4705 4704 
3845 3446 3445 
4687 4707 4307 
5481 5480 5880 
5461 5481 5880 
5861 5462 5442 
5464 5883 5484 
5841 5441 5442 
4641 4241 4621 
4602 4982 5002 
4261 4641 4661 
5461 5841 5861 
5461 5860 5861 
5982 5563 5962 
7062 7063 6663 
5441 5841 5461 
5441 5041 5061 
5063 4664 5064 
4261 4641 4241 
4660 4261 4241 
5865 6265 5866 
5880 5860 5461 
5080 4680 4681 
5460 5060 5061 
4660 4261 4661 
5461 5081 5481 
5480 5081 5481 
4701 5101 4721 
3061 3460 3041 
4622 4223 4222 
5441 5061 5461 
5061 5480 5460 
3881 4281 3901 
4221 3841 4241 
3002 3382 2982 
4240 4241 4640 
4302 4301 4701 
5465 5884 5485 
5925 5525 5545 
5925 5526 5525 
4660 5060 4661 
3441 3440 3041 
3441 3421 3041 
5042 4643 5043 
5945 5526 5546 
4983 4984 5003 
6285 6286 5886 
6266 6286 5886 
7062 6662 7061 
5861 5462 5862 
5464 5864 5484 
5002 4982 5382 
3846 3466 3446 
3444 3445 3844 
4642 4242 4622 
3042 2642 2662 
4221 3821 3841 
4244 4644 4245 
3022 3421 3002 
3022 3402 3002 
4604 5003 5023 
4604 5003 5004 
3906 4286 4306 
4605 4604 5004 
4585 4605 5004 
4246 4245 4645 
5543 5124 5144 
5945 5925 5545 
5945 5526 5925 
5526 5926 5546 
5088 4688 4689 
5063 4663 4664 
4663 4264 4664 
4646 4246 4645 
5042 5441 5442 
4983 5383 5003 
6265 6285 5866 
6265 5885 6285 
5883 5484 5884 
3840 3841 4240 
5883 5464 5863 
5005 4586 4606 
3460 3440 3041 
4224 4204 4604 
5003 5383 5403 
3804 3805 4204 
4185 3786 4186 
4185 3786 4205 
5402 5003 5002 
5402 5003 4983 
5462 5063 5043 
5442 5462 5043 
5066 5465 5065 
4644 4264 4664 
4644 4664 4245 
5462 5063 5463 
5862 5462 5463 
5383 4984 5403 
4622 4623 5022 
4624 4224 4623 
5003 4984 4604 
4584 4984 4604 
4584 5003 4604 
5883 6282 5863 
5861 6241 6261 
4984 5403 5004 
5003 5403 5004 
4247 4646 4246 
5042 4642 4643 
3043 3044 2644 
4243 3844 4244 
3845 3844 3445 
3424 3824 3804 
4624 4224 4604 
5066 4666 5046 
4242 4222 4622 
4247 4646 4647 
3785 3805 4185 
4985 4605 4585 
4605 4205 4604 
4185 4186 4585 
4985 5005 4605 
4985 5005 4586 
5066 4666 5065 
5045 5065 4665 
4646 5045 5065 
4665 5064 5065 
3444 3844 3843 
3805 4205 4185 
3789 3809 3409 
5526 5126 5525 
4688 4289 4689 
5045 4665 4645 
4646 5045 4645 
3405 3805 3804 
4706 4707 5106 
5465 5464 5065 
4288 4688 4687 
4288 4668 4688 
5865 5866 5466 
4665 4265 4664 
4645 4665 4265 
4706 5105 4705 
4725 5105 4705 
5046 4666 4646 
4233 4253 3853 
3834 4233 4253 
4687 5087 4688 
5049 4649 5029 
5049 5048 4649 
4648 5047 5048 
5046 4647 4646 
4669 4289 4689 
5865 5885 5485 
5466 5866 5467 
5447 5047 5067 
5447 5048 5047 
4586 4206 4186 
3046 3446 3445 
5892 6291 5891 
5464 5864 5465 
4688 4269 4668 
5066 5466 5465 
4668 4268 4288 
4668 4269 4268 
3066 3046 3446 
4267 4667 4647 
4247 4267 4647 
4209 4229 4609 
5448 5468 5867 
5087 5107 4707 
5087 5107 4688 
3431 3830 3850 
5446 5047 5046 
4688 4269 4289 
4669 4269 4289 
3809 3789 4189 
3430 3410 3829 
4630 5029 4629 
4649 5029 4629 
5012 5013 4613 
5010 4610 4630 
5010 4611 4610 
3432 3832 3452 
3432 3832 3433 
4229 4249 4629 
3830 3430 3829 
4246 3866 4266 
4246 3847 4266 
4246 4247 3847 
4589 4609 4209 
5447 5048 5448 
5049 5448 5048 
5031 5430 5030 
5050 5430 5030 
4630 5030 5029 
5090 5489 5089 
6650 6651 7050 
5048 4648 4649 
4287 4706 4307 
5884 6284 6283 
5867 6267 5887 
5868 5867 6267 
3870 4250 4270 
3870 4269 4270 
5012 5032 4632 
5050 5030 5449 
5449 5448 5049 
5449 5429 5049 
4708 5088 4688 
5448 5848 5468 
5448 5848 5449 
5049 5429 5029 
5030 5429 5029 
5848 5868 5468 
5467 5067 5466 
5946 5947 6346 
6747 7127 6727 
7146 6747 6727 
5926 5527 5526 
5064 5463 5464 
5067 5047 5466 
3871 3851 4270 
5847 5467 5867 
5847 5448 5867 
5867 5468 5868 
5145 5125 5525 
5126 5125 5525 
5145 5525 5545 
5865 5885 6265 
5450 5050 5449 
5450 5050 5430 
4647 4648 5047 
5447 5067 5467 
7162 6763 7182 
5485 5884 5885 
5447 5467 5847 
5047 4647 5046 
7486 7087 7067 
7072 7071 6672 
7091 7071 6672 
6307 5927 5907 
5863 6262 5862 
7147 7127 6728 
5446 5066 5046 
5124 5543 5523 
5466 5865 5465 
7440 7040 7041 
6285 6685 6286 
6640 7040 6641 
6684 7084 6685 
6664 7063 7064 
7061 7041 6661 
5868 6268 5888 
5868 6287 5888 
7124 7504 7524 
7062 7082 6682 
7147 6747 7127 
7465 7066 7065 
5867 6286 5887 
7088 7068 6688 
7522 7103 7123 
6268 6248 5868 
6249 5850 5849 
6249 5869 5849 
5866 6266 5886 
5866 6285 5886 
7486 7466 7067 
7486 7466 7086 
7483 7083 7103 
7502 7102 7501 
7860 7461 7880 
6662 7062 6682 
7104 7504 7124 
7104 7523 7124 
5866 6266 5867 
7069 7089 6689 
6266 6286 5867 
6649 7049 6669 
7068 7088 6669 
6288 6668 6688 
6687 6686 6287 
6286 6686 6287 
5887 6267 6287 
5868 6267 6287 
6269 6668 6268 
6288 6668 6268 
6309 5910 5909 
6363 5964 5963 
6692 6672 7091 
5509 5908 5909 
6669 6269 6668 
6669 6269 6649 
6308 6708 6328 
6308 6708 6309 
7086 6687 6686 
7086 6687 6667 
6687 7067 6667 
7087 7067 6687 
5869 6269 6268 
5869 6249 6269 
6308 6688 6288 
5451 5431 5850 
5451 5431 5831 
6688 7068 6668 
7068 6668 6669 
6249 6649 6269 
6268 6288 5888 
5030 4630 5010 
4691 4671 5090 
7165 6766 6765 
7090 7489 7089 
6709 6708 6309 
7108 6708 7088 
6691 7071 6671 
7090 6691 6671 
7084 7085 6685 
7066 7067 6667 
5910 5510 5909 
7073 7053 7472 
5834 5835 6234 
7070 7051 6671 
7070 7071 6671 
5849 6248 6268 
7127 6708 6728 
6666 7066 6686 
7067 7066 7466 
7086 7485 7066 
7086 7466 7066 
7066 7485 7465 
7485 7465 7085 
6708 6707 7107 
7462 7062 7461 
7061 7062 7461 
7481 7881 7861 
6241 6641 6261 
7040 6641 7041 
7460 7441 7061 
7041 7441 7061 
7041 7460 7441 
7460 7461 7061 
5841 6240 6241 
5841 6260 6240 
5862 6262 6261 
7462 7881 7861 
7503 7523 7123 
5860 6260 5861 
6285 6684 6284 
6640 6641 6241 
7440 7460 7041 
5861 5841 6241 
6262 6282 6662 
6283 6683 6284 
7121 7101 7501 
6761 6741 7141 
6761 7160 6741 
6664 7064 6684 
6662 7061 6661 
6663 7063 6683 
7082 6663 6683 
7083 6684 6664 
7063 7083 6664 
7521 7102 7501 
7101 7081 7500 
6661 7041 6641 
6684 6685 6285 
7103 7083 7502 
6683 6284 6684 
7462 7063 7062 
7062 6663 7082 
5863 6282 6262 
7460 7461 7860 
5841 5861 6260 
7141 7121 7540 
7141 7121 7521 
6262 6662 6661 
6682 6283 6282 
7081 7480 7481 
7541 7141 7521 
7502 7902 7503 
7882 7902 7483 
7882 7502 7902 
7502 7103 7503 
7502 7483 7103 
7461 7481 7880 
7461 7861 7481 
7461 7861 7462 
7103 7503 7123 
7483 7084 7064 
6683 7063 7083 
6683 7083 6684 
7180 7160 6761 
7481 7501 7101 
7481 7101 7081 
7520 7101 7121 
7463 7483 7083 
7064 7463 7483 
7063 7064 7463 
7064 7084 6684 
7503 7523 7104 
7063 7463 7083 
7522 7542 7123 
7484 7104 7504 
7502 7122 7102 
7143 7123 7523 
7162 7182 6782 
7085 6666 6686 
6685 7085 6686 
7484 7084 7104 
7484 7085 7084 
7164 6765 6764 
6327 6727 6328 
7143 7144 7543 
7161 7541 7141 
7526 7127 7107 
7483 7503 7084 
7543 7124 7523 
7902 7503 7483 
7143 6763 6743 
7482 7083 7483 
7502 7083 7483 
7482 7063 7083 
7882 7482 7502 
7901 7482 7502 
7882 7482 7483 
7544 7144 7524 
7122 7521 7541 
7881 7462 7482 
7103 7502 7522 
7522 7542 7142 
7480 7880 7481 
7482 7462 7063 
7142 7541 7561 
7142 7122 7541 
7142 7122 7522 
7901 7501 7502 
7881 7481 7501 
7881 7501 7901 
7881 7482 7901 
7520 7101 7500 
7500 7081 7480 
7503 7084 7104 
7163 6764 6744 
7144 6764 6744 
7522 7122 7502 
6327 5928 6328 
5521 5122 5541 
6764 6364 6763 
7162 6782 6762 
6284 5885 6285 
7561 7541 7161 
6682 7082 6683 
7122 7102 7521 
7142 7143 6743 
7142 7162 6743 
7561 7162 7142 
7561 7161 7162 
5944 5924 5544 
7144 7124 7543 
5562 5942 5962 
7143 7543 7523 
7542 7143 7123 
7182 6783 6763 
6763 6363 6364 
6383 6763 6363 
6742 6762 7142 
7161 6762 7142 
7161 6742 7142 
7161 6742 6762 
6383 6363 5983 
5982 5582 5962 
5948 5548 5947 
5983 6363 5963 
7141 7140 6741 
7165 7145 6765 
7165 6746 7145 
7143 7163 6744 
7144 7143 6744 
7162 6763 6743 
5581 5561 5980 
5961 5581 5561 
5142 5122 5522 
5123 5122 5522 
6364 5964 6363 
6783 6763 6383 
5542 5961 5941 
7160 6741 7140 
5521 5940 5541 
7161 6762 7162 
5942 5543 5962 
5501 5121 5521 
7181 6782 6762 
7163 7143 6763 
7141 6761 7161 
6781 6761 7161 
7147 6728 6748 
6747 7147 6748 
6762 7181 7161 
6781 7181 7161 
7180 6761 6781 
7141 7540 7140 
7121 7540 7520 
6348 6728 6748 
6348 6747 6748 
7144 7124 7524 
7486 7506 7087 
7486 7106 7506 
7144 7164 6764 
6745 7144 7164 
6347 6747 6348 
5965 5966 5566 
7106 7525 7505 
7484 7085 7504 
6328 6308 6727 
6746 6747 6347 
7126 7526 7506 
7144 7145 6745 
7544 7145 7144 
7086 7066 6686 
7065 6666 7066 
7085 7065 6666 
7465 7085 7065 
7106 7126 7506 
7106 7126 7525 
7145 6726 7125 
7126 6726 7125 
7485 7505 7086 
7485 7505 7105 
6707 6708 6308 
7144 7125 6725 
7086 7486 7106 
7086 7505 7106 
7144 6745 6725 
7125 6745 6725 
7125 7144 6745 
6287 6307 5888 
6327 6307 6707 
6328 5948 5928 
7108 7088 6689 
7127 7526 7126 
6707 6687 7087 
7506 7526 7107 
6727 7127 7126 
7146 6727 7126 
5492 5892 5493 
6727 6707 6308 
5489 5109 5509 
5508 5109 5509 
6310 6309 6709 
5106 4726 5126 
7504 7524 7105 
7146 7126 6746 
6311 6711 6710 
6327 6707 6727 
7107 7087 6707 
7108 6708 6709 
7164 6765 6745 
7145 6765 6745 
6692 7091 6691 
6709 7108 6689 
7127 6708 7107 
6708 7088 6688 
6365 6366 6765 
6709 7089 6689 
7109 7089 6709 
6308 5908 6288 
5908 5907 6307 
5032 5431 5031 
5947 5548 5528 
7506 7107 7087 
6685 6686 6286 
5946 5527 5926 
6746 7126 6726 
7145 6746 6726 
7544 7125 7524 
5927 5528 5508 
5127 5526 5107 
6287 6687 6307 
6687 6707 6307 
7085 7105 7504 
7485 7105 7085 
7125 7525 7505 
5887 6286 6287 
5546 5946 5926 
7544 7125 7145 
7524 7125 7105 
7505 7125 7105 
6347 5947 6346 
6766 6765 6366 
5528 5908 5928 
6365 6764 6765 
5547 5527 5946 
5547 5527 5927 
6348 5948 6328 
6348 6347 5948 
6346 6746 6347 
6346 6366 6746 
7146 6747 6746 
4687 4288 4287 
7165 6766 6746 
5107 4707 5106 
6766 6746 6366 
6364 5965 5964 
5964 5545 5944 
5907 5527 5507 
6364 6365 5965 
5547 5946 5947 
5566 5946 5546 
5964 5965 5565 
5945 5965 5565 
5545 5945 5565 
5545 5964 5565 
5943 5543 5544 
5943 5543 5563 
5966 5946 6346 
5966 6346 6366 
5966 6365 6366 
5088 4689 5108 
4708 5088 5108 
5965 6365 5966 
5927 5527 5907 
5907 5507 5508 
5947 5547 5927 
6327 5927 6307 
5908 6327 5927 
5508 5908 5907 
5927 5508 5908 
5945 5965 5546 
5106 5107 5506 
5506 5106 5126 
4706 4726 5106 
5108 5507 5508 
3792 4192 4172 
4708 4688 5107 
5546 5965 5566 
5946 5966 5566 
5947 5528 5927 
5109 5108 4709 
5928 5948 5548 
5908 5888 6307 
5909 6308 6309 
5508 5509 5908 
5528 5508 5908 
5108 5109 5508 
5928 5908 6327 
5109 5089 4709 
5908 6308 5909 
5928 5548 5528 
4286 4686 4287 
6347 5947 5948 
3467 3886 3487 
5089 4689 4709 
5108 4689 4709 
4209 3829 3809 
3846 3866 3466 
4272 4252 3872 
4271 4272 3872 
5091 5090 5490 
5489 5109 5089 
5090 5509 5489 
3487 3867 3887 
3866 3867 3467 
3866 3886 3467 
4707 4706 4307 
3486 3885 3886 
4705 4706 4306 
4268 4667 4267 
5125 5105 4725 
5126 4726 5125 
4287 4686 4706 
4287 4687 4307 
4686 4706 4306 
4267 4287 3868 
4268 4267 3868 
4247 4267 3867 
4286 4686 4306 
2684 3084 3083 
3903 4322 3923 
5963 5564 5544 
5944 5564 5544 
5524 5144 5544 
5524 5125 5544 
5125 4726 4706 
5123 5124 5523 
5143 5123 5523 
4723 5122 4722 
4323 4723 4722 
5124 5125 5524 
3443 3444 3044 
4723 5123 4724 
5961 5981 5581 
5525 5924 5544 
4704 5104 4705 
5125 5145 5544 
4723 5123 5122 
3903 4302 4322 
5920 5501 5900 
5944 5545 5544 
5145 5545 5544 
5562 5561 5961 
5542 5561 5961 
5100 4681 4701 
4722 4721 4322 
5583 5983 5963 
5583 5963 5563 
5963 5964 5564 
5944 5964 5564 
5542 5142 5522 
5123 5542 5522 
5143 5542 5123 
5524 5124 5144 
4705 5124 5104 
4324 4724 4723 
4324 4704 4724 
4705 4725 5124 
5944 5525 5544 
5944 5525 5924 
5542 5942 5543 
5143 5523 5543 
5143 5542 5543 
5543 5144 5544 
4322 4721 4302 
4304 4305 4704 
5080 4681 5100 
4724 5123 5124 
4725 5125 5124 
4724 5104 5124 
4704 5104 4724 
5541 5960 5561 
5162 5562 5542 
5561 5162 5562 
4723 4323 4703 
4304 4723 4703 
4721 4701 4302 
4280 4281 4680 
3901 4301 3902 
5521 5920 5501 
4722 5121 5122 
4680 4281 4681 
5121 5521 5122 
3461 3861 3481 
5101 5100 5500 
5561 5960 5980 
4722 4721 5121 
5500 5900 5501 
5121 5101 5501 
5542 5142 5162 
5461 5061 5081 
5480 5061 5081 
4701 5100 5101 
5562 5981 5961 
5561 5142 5162 
5101 5501 5500 
5521 5940 5920 
5543 5563 5962 
5562 5582 5962 
5562 5582 5981 
5122 5142 5541 
5561 5941 5961 
5941 5561 5542 
5541 5142 5561 
5541 5940 5960 
5583 5982 5563 
4322 4323 4722 
4304 4324 4704 
3884 3484 3504 
3923 4323 4322 
3902 4301 4302 
3903 4303 3904 
3903 3923 4303 
3004 3403 2984 
4224 3824 4223 
4224 3824 4204 
3901 4281 4301 
3802 3422 3822 
4303 3904 4304 
4240 4241 3841 
3823 3443 3843 
3824 3804 4204 
4303 3923 4323 
3881 3482 3901 
3003 3383 2983 
4703 4323 4303 
3482 3481 3082 
3902 3903 4302 
3906 4305 4306 
4303 4304 4703 
3902 3503 3502 
3901 3502 3902 
4304 4723 4324 
3904 3903 3504 
3904 3884 3504 
4305 3905 4304 
4305 3905 4285 
3083 3482 3502 
2685 3084 3085 
3504 3503 3903 
3885 4285 3905 
3886 3885 4285 
3504 3484 3104 
3503 3504 3104 
3083 3082 3482 
3505 3885 3905 
3505 3904 3905 
3461 3860 3460 
3843 3844 4243 
3440 3441 3840 
3860 3861 4260 
3481 3881 3482 
2646 3065 3045 
4223 3823 3824 
3062 2663 3082 
3382 2963 2983 
3503 3084 3104 
3041 3021 2622 
3422 3023 3423 
4201 4200 3801 
3800 3801 4200 
3503 3502 3103 
3503 3483 3103 
3801 3421 3401 
3801 3421 3821 
3023 3043 2643 
3423 3043 3443 
3502 3482 3901 
3861 4280 4260 
3780 3800 3381 
3401 3381 2982 
3800 3401 3381 
3443 3423 3823 
4222 3823 4223 
3821 4201 3801 
3821 4201 4221 
3083 3483 3084 
3041 3021 3421 
3841 3821 3441 
3840 3841 3441 
3003 3403 3402 
3003 3383 3403 
3404 3005 3405 
2983 3003 3402 
2664 2644 3063 
3044 2664 2644 
3062 3042 2643 
3461 3460 3061 
4280 4281 3881 
4280 3881 3861 
3423 3822 3422 
3423 3403 3822 
3421 3021 3022 
3461 3861 3860 
3861 3481 3881 
3481 3081 3461 
3081 3061 3461 
3061 3081 2662 
3081 2682 2662 
3082 3081 3481 
3022 2623 3023 
4222 4242 3823 
3064 2664 3044 
3042 3022 2623 
3403 3802 3822 
3043 2644 3063 
2663 3043 3063 
2684 3064 2664 
3384 3404 3004 
3083 3502 3103 
3483 3083 3103 
3083 2683 3082 
3083 2683 3063 
2664 3083 3063 
3045 3044 2645 
3064 3044 2645 
4244 3845 4245 
3846 3446 3845 
3823 3424 3824 
2682 3062 2662 
3045 2645 2665 
2642 3061 2662 
3004 2984 3384 
3405 3804 3404 
3443 3843 3444 
3803 3404 3823 
3021 2622 3022 
3803 3423 3823 
3403 2984 3383 
3042 3022 2642 
3085 2685 3065 
3385 3405 3005 
3403 3404 3004 
3043 3023 3423 
3062 2643 2663 
2622 3041 2642 
3041 3061 2642 
3022 2622 2642 
3405 3785 3385 
3887 4286 4287 
3005 3404 2985 
4267 3887 4287 
3866 3867 4266 
3789 3409 3389 
3385 2985 3005 
3045 3046 3445 
3806 4205 3786 
3806 4186 3786 
3805 4205 4204 
4586 4606 4206 
4606 4206 4605 
3885 3486 3485 
4245 4246 3846 
3886 4286 3887 
4245 3846 3845 
3444 3044 3045 
3485 3885 3505 
3886 4285 4305 
4246 3866 3846 
3444 3045 3445 
2666 3046 2646 
3446 3466 3066 
4267 3867 3887 
4249 3869 4269 
4268 3869 4269 
3085 3484 3485 
3465 3085 3485 
3465 3085 3065 
3066 3465 3065 
3084 2685 2665 
3065 2646 2666 
3084 3064 2665 
2664 2684 3083 
3084 3064 2684 
2665 2645 3064 
4647 4248 4648 
4248 3849 4249 
3031 3011 2612 
4268 4248 4667 
3867 3847 4266 
4247 3867 3847 
3430 3830 3431 
3792 4172 3772 
4191 3792 3772 
3410 3809 3829 
3431 3031 3430 
3031 3011 3430 
3870 3850 4269 
4268 3849 3869 
4249 3850 4269 
4248 4249 4648 
4229 4209 3829 
4209 3809 4189 
3014 3414 3413 
3788 4188 3789 
3789 3788 3389 
3788 4187 3787 
3388 3788 3787 
3012 3032 3412 
3866 3486 3466 
4287 3888 4288 
4268 3888 4288 
3466 3086 3066 
3066 3086 3485 
3485 3486 3086 
4691 5091 5071 
4691 5091 5090 
3485 3904 3884 
3485 3904 3505 
3466 3486 3086 
4287 3888 3868 
4268 3888 3868 
3904 3905 4304 
3484 3884 3485 
3066 3465 3485 
3487 3886 3887 
3886 4286 3906 
3886 4305 3906 
3853 3453 3852 
3833 3853 3453 
4230 4210 4610 
3854 4234 3834 
4253 3854 3834 
5110 5090 5490 
5110 5509 5090 
4270 4269 4669 
3851 3850 4250 
3831 3851 3451 
3831 3851 3432 
3033 3013 3413 
3832 3833 4232 
4629 4249 4649 
3011 2611 3010 
5910 6309 6310 
2933 2934 3333 
2953 2933 3333 
3433 3033 3413 
2572 2552 2971 
4194 3775 4174 
4194 3794 4174 
3393 3793 3792 
3812 3393 3792 
6233 6232 5833 
2612 3012 2632 
2612 3031 2632 
2573 2972 2553 
3031 2632 3032 
3431 3831 3451 
3431 3850 3451 
2590 2570 2970 
2590 2989 2570 
2570 2989 2969 
3011 3010 3410 
3410 3409 3809 
2953 2952 3352 
3410 3010 3409 
4190 4609 4210 
3033 3432 3013 
4153 4533 4553 
4270 4290 4689 
3432 3851 3452 
3433 3852 3453 
3432 3033 3433 
2591 2991 2611 
4570 4171 4590 
4570 4571 4171 
3832 3852 3452 
3832 3852 3433 
3013 3432 3412 
3032 3432 3412 
3013 3012 3412 
3430 3011 3410 
4253 4672 4273 
4653 4253 4273 
3451 3850 3851 
4610 4611 4211 
4174 4154 4554 
3413 3832 3433 
3032 3432 3431 
3851 3852 3452 
4613 4614 5013 
5873 5493 5473 
5072 5472 5092 
5433 5033 5413 
4212 4611 4211 
5433 5413 5813 
5414 5413 5813 
2572 2592 2991 
2613 3013 3012 
3012 3032 2632 
5414 5014 5413 
2612 3011 2592 
4611 4631 5030 
4611 5011 4631 
2975 2955 2556 
2975 2955 2575 
3010 2591 2611 
2595 2995 2994 
5511 5891 5911 
5056 5036 4656 
5055 5056 4656 
4654 4653 4254 
4654 4634 4254 
4632 4612 4213 
4632 4612 4232 
3833 4233 3853 
2593 2992 3012 
3413 3813 3793 
4232 3833 4233 
4632 4233 4232 
4632 4233 4213 
3413 3812 3832 
3772 4171 4172 
3431 3432 3831 
2995 3395 3394 
2995 3375 3395 
2531 2551 2931 
3031 3032 3431 
5054 4674 4654 
4655 5054 4654 
2154 2534 2554 
2154 2553 2554 
3010 2591 2990 
3376 3396 3795 
3395 3396 3795 
2975 2576 2976 
2934 3334 3333 
4654 5053 4653 
6276 6256 6656 
4635 5034 4634 
5834 5415 5814 
5834 5434 5814 
5435 5035 5415 
2613 2593 2993 
2535 2934 2935 
5456 5056 5455 
6653 7033 7053 
5856 5456 5476 
6694 6674 7093 
4634 5034 5014 
5075 4675 5074 
5510 5509 5909 
5911 5511 5910 
5912 5892 6311 
5492 5073 5472 
5492 5092 5472 
5892 5492 5891 
6311 6710 6310 
5451 5851 5850 
5451 5831 5851 
5875 5476 5456 
5089 4690 4689 
5510 5509 5110 
6292 5892 5912 
6292 5893 5892 
4670 4271 4671 
6310 5911 5910 
5015 5014 5414 
5890 5491 5490 
5475 5874 5875 
5875 5895 6294 
5875 6275 5895 
6693 6692 7092 
6673 6693 7092 
6694 6693 7093 
6654 7053 7054 
6654 7053 7034 
6649 7049 6650 
6275 6675 6674 
6691 7091 7071 
6710 6310 6709 
7472 7053 7452 
6671 7070 6651 
5493 5473 5093 
6252 6232 6632 
6250 6249 5850 
7035 7034 6635 
5876 5875 6275 
4629 4229 4609 
4210 4629 4609 
7073 6693 6673 
5075 5474 5074 
6276 5876 6275 
6674 7054 7074 
6676 6656 7075 
7072 6672 6692 
5834 5435 5415 
7092 6673 7072 
7092 6692 7072 
6654 6674 7073 
7434 7034 7054 
7434 7035 7034 
4212 3832 3812 
6676 6675 7075 
6293 6693 6294 
6693 6694 6294 
6675 6674 7074 
6675 7055 7075 
6656 7055 7075 
6676 6276 6675 
6632 7032 6652 
5474 5874 5494 
5474 5874 5475 
5436 5056 5036 
7454 7035 7055 
5034 4615 5014 
5015 4615 5014 
7072 7471 7052 
7071 7072 7471 
6256 6255 6655 
5435 5436 5835 
6656 6256 6655 
6655 7055 6675 
6656 6655 7055 
5875 5456 5855 
6633 6653 7033 
6633 6634 7033 
6635 6655 6255 
6233 6234 6633 
6654 6634 7034 
6635 6634 7034 
7035 7055 6655 
6250 6649 6650 
7454 7434 7035 
5895 6295 6294 
5895 6275 6295 
7055 7454 7054 
6232 6233 6632 
7054 6655 7035 
7054 6655 7055 
6711 6710 7110 
7054 7035 6635 
7054 6655 6635 
7434 7054 7454 
6673 7073 7072 
6673 7053 7072 
6674 6275 6694 
7073 7093 6693 
6693 6692 6293 
6311 5911 6310 
6311 5911 6291 
7069 7469 7089 
7070 7069 7469 
7074 6655 7054 
6675 6655 7074 
6235 6634 6635 
7034 6634 7033 
7072 7452 7052 
5834 5833 5434 
7052 7051 7451 
7109 6710 6709 
7109 6710 6690 
7090 7489 7070 
7072 7472 7452 
5848 6248 5868 
5849 5848 6248 
5070 4690 5090 
5089 4690 5090 
7052 7452 7053 
7110 7090 6691 
6252 6651 6251 
6710 7090 6690 
7052 7471 7451 
7071 7471 7451 
7051 7450 7050 
7110 7090 6710 
5851 6251 6231 
6250 5851 6251 
5910 5510 5890 
5491 5910 5890 
7470 7450 7051 
6650 7050 6670 
6650 7069 6670 
7470 7450 7070 
7069 7049 6650 
6669 7069 7049 
6692 6293 6292 
5832 5433 5432 
6652 7032 7052 
6652 7051 7052 
6235 5835 5836 
6249 6649 6250 
7070 7050 7450 
7089 7070 6690 
6670 7070 6690 
6670 7089 6690 
6670 7089 7070 
5851 6231 5831 
6231 5832 5831 
6670 7069 7070 
5434 5414 5833 
5814 5434 5414 
6652 6651 7051 
6252 6652 6651 
6632 7032 6633 
7052 7071 6652 
6654 6634 7053 
6632 6233 6633 
5849 5848 5449 
4910 4930 4511 
6250 5851 5850 
7090 7070 6671 
6651 7050 7051 
6690 7089 7090 
6671 7051 6651 
7070 7051 6651 
6650 6250 6251 
7051 7071 7451 
3871 3851 4251 
6670 7070 7050 
6654 7073 7053 
7453 7034 7433 
7089 7109 6690 
6295 6694 6275 
6252 5852 6251 
6252 5852 6232 
6295 6294 6694 
7052 6672 7071 
7093 6674 7073 
7071 7470 7051 
7070 7071 7470 
7053 7433 7453 
7110 6691 6711 
5431 5031 5430 
6652 7052 6672 
5014 5013 5413 
5893 5493 5892 
6291 6311 5892 
5491 5092 5091 
6691 6292 6692 
6234 6634 6633 
6292 6691 6711 
6312 6292 6711 
6312 6311 6711 
5912 6312 6311 
5912 6292 6312 
7054 7034 7453 
7054 7053 7453 
6633 7052 6653 
5875 6294 6274 
6652 6252 6632 
7032 6633 7052 
6654 7054 6674 
6255 6235 6635 
6234 5834 6233 
6653 6673 7072 
7033 7034 7433 
7053 7033 7433 
6652 6672 7071 
6634 7053 7034 
6673 7053 6653 
5074 5473 5073 
5093 5473 5073 
6274 5894 5874 
5875 6274 5874 
6235 6234 6634 
4551 4970 4571 
5833 5414 5813 
5835 6235 6234 
6676 6276 6656 
6293 6292 5893 
4673 4273 4653 
3812 4212 4211 
4254 4653 4253 
4613 4233 4633 
4252 3852 3853 
3872 4252 3852 
4692 5072 5092 
4692 5091 5092 
5873 5474 5473 
5035 4655 4635 
5073 4673 5072 
5053 5073 4673 
5834 6233 5833 
4212 3832 4232 
4253 4252 3853 
5036 5436 5435 
6256 6255 5856 
4634 4234 4614 
4670 5070 4690 
4671 4670 5070 
5491 5891 5492 
5073 5472 5072 
4254 3854 4253 
5876 5476 5875 
5074 4655 5054 
5074 4674 5054 
5432 5831 5832 
5893 5474 5873 
5893 5493 5873 
5893 5494 5474 
5911 6291 5891 
5474 5473 5074 
5850 5830 5450 
5850 5431 5830 
4214 4614 4613 
5432 5433 5033 
5033 5432 5013 
6650 6251 6651 
5450 5830 5430 
4510 4910 4530 
4510 4929 4530 
4691 4671 5071 
5053 4673 4653 
4574 4554 4155 
4571 4152 4172 
4171 4571 4172 
4673 4672 4273 
4191 4211 4610 
6251 5832 6231 
5890 5510 5490 
5449 5849 5450 
5869 5849 6268 
4909 4929 4510 
5431 5432 5831 
5432 5431 5032 
4632 4612 5031 
5433 5833 5832 
5433 5813 5833 
5833 6232 5832 
5832 6232 5852 
6251 5852 5832 
4631 5031 5030 
4631 5011 5031 
4249 3830 4229 
5412 5013 5432 
4633 4214 4613 
3851 3852 4251 
4671 4272 4271 
4671 5070 5090 
4690 4290 4689 
4630 4230 4610 
4630 4629 4230 
4670 4270 4271 
4670 4270 4290 
4672 4272 4671 
5032 5031 4632 
4230 4629 4210 
4172 4152 4552 
4174 4573 4173 
4670 4290 4690 
4689 4270 4669 
3851 4250 4270 
4251 3852 4271 
3872 4271 3852 
5491 5490 5091 
5072 4672 4692 
5072 4673 4672 
4234 4633 4233 
5073 5492 5093 
5071 5091 4672 
4672 4671 5071 
4652 4672 4253 
4672 4272 4652 
4652 4252 4272 
4652 4253 4252 
5874 5894 5494 
5091 4672 4692 
4233 4234 3834 
4675 4655 5055 
4675 5074 4655 
5492 5493 5093 
3854 4254 4234 
4674 5073 5074 
4654 4634 4235 
4213 4233 4613 
5014 4614 5013 
4234 4214 4614 
4634 4254 4234 
5053 4654 5073 
4634 4614 5014 
4655 4255 4654 
4633 4214 4234 
5035 5415 5015 
5876 6276 6256 
4654 4674 5073 
4232 4212 4612 
4632 4612 5012 
4612 5011 5031 
4235 4255 4635 
4612 4213 4613 
4573 4154 4553 
4635 4615 5015 
4635 5034 4615 
5835 5836 5436 
4574 4174 4554 
4553 4533 4134 
5876 5856 6256 
3311 3711 3710 
5015 5415 5414 
5075 4675 5055 
5456 5056 5436 
4554 4135 4534 
5035 4636 5036 
5055 5035 4636 
5056 5055 5455 
5494 5893 5894 
5893 6293 5894 
5055 4655 5035 
5836 5456 5436 
5836 5856 5456 
5456 5455 5855 
6294 6293 5894 
6294 6274 5894 
6276 6675 6275 
5876 5476 5856 
5075 5475 5455 
5474 5075 5475 
5475 5455 5855 
5855 5475 5875 
5055 5075 5455 
4656 5036 4636 
5055 4656 4636 
4133 4113 4513 
4133 4532 4113 
4193 3793 4173 
4155 4135 4554 
4589 4170 4569 
4153 4572 4173 
4553 4153 4173 
3792 3812 4211 
3413 3013 3393 
3014 2994 3413 
3014 2994 3394 
5415 5814 5414 
3710 4109 3709 
4573 4173 4553 
4175 4574 4155 
4571 4551 4152 
4533 4114 4134 
2556 2536 2955 
2936 2556 2536 
2956 2556 2936 
4930 4910 4530 
2531 2930 2931 
2531 2950 2930 
4930 4531 4511 
3352 2952 3332 
5012 5013 5412 
4635 4235 4634 
5435 5035 5036 
4172 4572 4173 
3355 3335 2936 
4152 4532 4132 
3376 3795 3775 
3376 3776 3775 
5011 4611 4612 
4154 4134 4534 
4154 4553 4134 
4613 5012 4612 
4134 4135 4534 
3773 3793 4192 
3792 3793 4192 
4533 4513 4133 
4533 4114 4513 
4174 4573 4154 
4171 4191 4590 
4190 4590 4210 
4590 4610 4210 
4153 4572 4552 
3775 4175 3776 
4175 4174 4574 
4949 4549 4929 
2554 2574 2954 
2554 2574 2973 
4589 4609 4190 
4968 4549 4948 
4529 4549 4948 
4112 3713 4113 
2953 3352 3353 
4929 4530 4949 
2931 3330 3331 
4549 4529 4929 
4153 4133 4533 
4550 4969 4570 
4570 4590 4190 
2553 2953 2933 
2952 2553 2953 
4531 4931 4532 
4532 4133 4552 
4152 4532 4552 
4172 4572 4552 
4113 4512 4112 
3331 3351 2932 
3332 3331 2932 
3710 3310 3709 
4151 4570 4551 
4589 4209 4189 
4492 4112 4512 
4492 4112 4511 
4891 4492 4911 
4511 4891 4911 
4510 4110 4509 
4909 4510 4509 
4109 4509 4110 
4490 4491 4091 
4890 4491 4490 
4909 4929 4529 
4170 4569 4570 
4169 4569 4568 
4133 4552 4153 
4569 4549 4968 
4569 4549 4949 
2950 2570 2970 
3331 3330 3730 
3311 3331 3730 
3331 3311 3711 
3712 4111 3711 
4530 4930 4550 
4170 4570 4190 
4171 4570 4551 
4151 4171 4570 
4970 4570 4571 
4950 4570 4970 
4550 4570 4950 
4550 4949 4969 
4950 4550 4930 
5012 5412 5032 
5412 5432 5032 
4492 4512 4911 
4490 4091 4510 
4491 4511 4910 
4491 4890 4910 
4510 4890 4490 
4492 4491 4092 
4491 4092 4511 
4513 4113 4114 
3355 3755 3735 
2134 2553 2533 
3356 2976 2956 
2976 3356 3376 
2555 2974 2954 
2574 2974 2954 
3793 3394 3813 
3393 2994 3413 
3732 3352 3752 
2956 2576 2556 
4175 3775 4174 
2976 2996 3395 
3356 2956 3355 
3776 4175 3756 
2975 2556 2576 
2535 2555 2155 
3356 3756 3376 
3794 3395 3394 
3795 3775 4194 
3395 3795 3794 
3734 4134 4114 
3356 3355 3755 
3735 3734 4134 
2990 3389 2989 
3735 3734 3335 
3334 3733 3314 
3333 3334 3733 
3356 3755 3756 
2976 3376 2996 
3312 3332 3712 
3314 3733 3713 
3314 3714 3713 
3794 3793 4193 
3014 3394 3414 
3395 2976 3375 
2976 2975 3375 
3395 3396 2996 
2976 2956 2576 
3355 3735 3335 
2134 2533 2534 
2953 3353 3333 
3335 2935 2936 
2573 2553 2554 
2995 2975 3375 
2996 3396 3376 
2995 2975 2595 
2975 2575 2595 
2955 2555 2575 
2536 2935 2955 
2936 2536 2935 
3735 4135 4134 
2533 2933 2534 
2533 2553 2933 
4173 3793 3773 
2973 2574 2993 
2951 2552 2971 
2571 2951 2971 
2955 2555 2935 
2935 2555 2535 
2935 2934 3334 
3332 3731 3312 
3332 3731 3331 
3732 3332 3712 
3756 4175 4155 
3714 3734 4114 
3755 3735 4135 
4155 3755 4135 
2956 3355 2936 
3756 3755 4155 
3313 3333 3713 
3376 3776 3756 
4194 3795 3794 
3333 3733 3713 
3314 3334 3714 
2534 2933 2934 
3334 3734 3714 
2973 2953 2554 
4113 3714 4114 
2135 2155 2554 
2932 2952 3332 
2575 2555 2974 
2952 2972 2553 
3334 3734 3335 
2530 2929 2510 
2154 2134 2534 
2931 2951 3331 
2994 2974 2575 
2594 2994 2974 
2594 2974 2574 
3713 4113 3714 
2535 2534 2934 
2594 2994 2993 
3310 2930 3330 
2135 2534 2535 
2135 2554 2534 
3792 4211 4191 
2613 3013 2993 
2134 2553 2154 
3309 3709 3310 
2554 2555 2954 
3794 3774 4174 
3333 3732 3752 
3752 3352 3353 
3752 3333 3353 
3393 3013 2993 
2155 2554 2555 
2594 2574 2993 
4111 4112 3712 
2590 2990 2970 
2135 2155 2535 
2593 2993 2973 
2572 2991 2971 
2592 2572 2972 
4191 3772 4171 
3012 2613 2593 
3812 3413 3393 
3793 3794 3394 
3414 3413 3813 
3394 3414 3813 
3794 3774 4193 
2595 2994 2575 
3334 2935 3335 
2995 3394 2994 
4174 4173 3774 
3413 3793 3393 
2931 2551 2951 
2573 2554 2953 
2593 2973 2573 
2573 2953 2973 
4172 4173 3773 
4192 3773 4172 
2993 2994 3393 
3712 3313 3713 
2972 2573 2992 
2592 2972 2992 
2952 2572 2972 
3731 3312 3711 
3712 3312 3711 
2990 2989 2590 
3712 3313 3732 
3351 2952 2932 
3351 2951 2952 
3010 3409 2990 
2992 2573 2593 
3331 2951 3351 
3409 3389 2990 
2572 2552 2952 
2612 3012 2992 
2612 2992 2592 
2949 2569 2969 
2552 2951 2952 
2549 2569 2949 
2930 2530 2550 
2910 2530 2510 
2910 2930 3310 
2930 2950 2550 
2949 2929 2530 
3330 2930 2931 
2929 2510 2909 
2910 2510 2909 
3309 2910 2909 
3710 4110 3711 
3732 3332 3352 
3313 3732 3333 
4110 3710 4109 
3710 3730 3330 
3310 3710 3330 
3311 3730 3710 
