9.9955 2.69196 0.00430334
4.21398 6.70287 -0.00323142
19.0023 0.87285 17.2097
0.00784663 13.5234 6.75865
8.89669 -0.0049375 4.4992
0.00111455 17.8272 18.4408
16.799 0.000356756 11.8543
8.57848 3.53782 -0.000872858
2.29206 12.1961 0.00664936
4.3754 0.00252164 2.40195
6.47299 8.37845 18.9941
17.3918 1.8989 0.00461211
14.7656 12.293 0.00401742
12.01 7.67657 0.000147252
18.9985 12.6227 12.095
7.42318 -0.00162749 0.950166
10.6157 5.3407 -0.00212427
6.80761 9.19791 0.00551157
0.457261 4.10402 0.00442425
11.3687 0.00317718 9.7659
14.5036 4.60396 0.00736721
18.9985 6.502 6.6161
8.49473 16.6384 0.00495902
11.6336 0.00199112 17.1812
10.6452 -0.00129693 1.738
-0.00247721 7.53345 8.22439
-0.00529911 11.2895 14.2155
13.5653 0.00500588 5.52137
1.49371 0.0046317 3.85048
6.0742 0.00571467 13.6674
0.542844 0.00260446 10.2712
14.7746 19.002 6.60884
11.2465 19 17.4009
0.000528846 3.84018 17.3535
18.9994 6.04585 13.1661
14.6803 10.37 18.9947
7.84751 6.41619 0.00573566
6.27525 0.00356711 7.15419
6.11785 1.52567 -0.000332418
8.34045 1.5292 -0.00189056
19.0011 6.51 1.50653
6.40999 18.994 9.84699
19.0012 17.1907 18.757
2.1099 19.0029 2.4998
19.0019 13.7054 5.27341
18.2001 18.8989 -0.000942574
-0.000105298 18.0908 11.7098
6.07306 15.0618 18.9989
16.2132 18.9963 13.0519
19.0001 1.11637 5.26198
5.53815 2.52769 19.002
1.05551 8.92091 19.0017
18.9956 6.43426 18.9937
1.46791 0.366945 -0.00377199
3.86172 0.670035 0.00704224
2.48389 -0.0015175 16.6004
18.9952 14.2902 0.595237
18.9999 18.3733 4.61508
18.9933 16.6447 9.23666
9.92401 9.77036 9.42695
4.47325 2.97156 -0.00327503
